  0.112102346386103      -0.578223422017091       0.231064302726878     
 -0.619110625061123       0.154177692215380       0.680763835394390     
  3.534722643941966E-002  8.285824168510911E-002  0.879119125723813     
  0.358097772043936      -0.555100487856324      -0.267499700420069     
  0.228895971232500      -0.354541787748757       0.299002245076061     
  0.550938351069083       0.234940589566712      -0.529160634474516     
  0.225486602699579      -0.199959658992546      -9.001588999481157E-002
  0.394254185410581      -3.545399656620542E-002 -0.471756235232111     
 -0.246035148106682       0.357344007425025       8.011181852694642E-002
  0.231834161900237      -0.374738197908332       0.254030215054160     
 -0.980406496029661       0.834790523677885      -0.100689084242000     
 -0.118762728680602      -0.485170215878026       5.589658920166838E-002
 -0.331176263467809      -0.640886934343633      -0.220763141977406     
  -1.16277968934345       0.673512918573699      -0.340991924613197     
  0.556452699505476       0.227286454413134       0.746229482591837     
  -1.15760545535398       0.510268619663621       0.870210322498557     
 -0.518391915794583      -0.581032192724823      -0.274621693521294     
  0.363918165974401      -0.453376600445131        1.10421560549805     
  0.462146353100777      -9.936259067199725E-002  0.551572877055141     
  0.812614173917144      -0.571995705669770       0.405566971907306     
 -0.815157079134191      -0.314690791707967      -0.436801379641535     
  -1.19694341148464       0.328452290733311       0.856684424610595     
   1.11656199593224      -0.368135118140994       0.603599841119116     
  -1.44495074413414        1.07387492773807       0.568212514088034     
  -1.05855422487282       0.527903284689747      -0.779990521178134     
 -1.005835954938785E-002 -0.472605412603276      -0.181800126597499     
   1.20842030750420      -0.173587347154232      -0.124969104122600     
   1.66134647598307      -0.843836232116318       0.581765380798997     
  0.167742875130334       -1.04624402470923       0.525794625188542     
 -0.245613803776047       0.841987948643793       0.910871634196576     
  0.616058751871344      -0.498062106057537       0.592272900453548     
 -5.819783651568796E-002  8.859992815512229E-003  2.540987843469113E-002
  0.474094062716836       0.346864842129378      -0.822130341525712     
  0.469669393931344      -0.415344238737866        1.24281767449019     
   1.46651618841293      -0.937427719604407      -1.177308691386926E-002
  -1.64992681271578        1.27010706758326       -1.20292968294708     
 -0.541375021666279      -0.173423376040266       -1.11488267709125     
  -1.45408908059980        1.61147253553026       -1.51785016899827     
 -0.335322441551812      -0.399702472555337      -0.308816898528849     
 -0.143455840992667        1.64681059328332       -1.97004671037189     
  -1.28278606580065       0.248175597357983       0.914777914434265     
 -2.174023772335957E-002 -0.560515219045977      -0.300357298101124     
  -1.20897495429560        2.44982293092056       -3.39041267265698     
   2.30209439717212       -1.98337421494483       0.979614940806789     
 -0.995752532646937        1.33807477381412       -1.19698027464377     
  0.172881266404377      -0.123354773178383      -0.686144391080583     
   2.72671738085790      -0.346604508044555        1.90774217400131     
  0.673059538624297       -4.95657371050268       0.421448865804131     
   2.66447100938381       -3.10039962383160        3.52268902920268     
  -4.10291352048396        3.02164290643359      -0.316121791777594     
  -1.43816564516545        1.68277312662983       -2.52831760540319     
   5.82434171522401        2.44903819414602       -1.45700414870395     
   1.23828126014089       -2.78457615345115       -6.95686054211019     
   2.24456878126881      -0.755793931257724      -0.969684077185323     
   1.27207737208246       -1.68223282634724        1.92847131280670     
 -0.847706124736909       -2.71970742673783       -1.25736054808592     
  3.427120104667989E-002 -0.764216611617012        1.26495340851729     
  -3.64063784152436       -5.55521666198546        6.96458519692926     
 -0.418103119708520       0.591718975993083       0.440802830713112     
   1.98141692669837       -2.25625328020906        1.84810188524193     
  -1.10796084068375       0.556484233156191       -1.29813316881941     
 -0.357706765817348       -2.36254094506861       0.838071053834434     
 -0.730088073331581       0.150841672394607        1.64707103662698     
 -0.783430803521711        1.09641165799825       -1.82315026341302     
  -1.87607154173307        1.38009659259489      -0.904860141732541     
 -0.363357286162009       0.752475737575574       -1.11337295706825     
   1.07831903552052      -0.942502658656816      -0.641241141726483     
  -1.41799492224857      -0.855373296626594      -0.940776000304669     
  0.274504531866089       -1.39966168299563      -0.620822582470055     
   1.16701888136165       -1.63468759397431        1.49460292302533     
  0.374628972319888      -0.230605612759187      -0.488037076431439     
  -1.11273705759690       0.165312966566399       0.164368826678872     
 -0.742580437808985      -8.779916528357076E-002 -0.365227692020987     
 -0.923377167323676       0.290166386045769       0.313138726652998     
 -0.536961772933945      -3.945139351326398E-002 -0.170862249874369     
 -0.208751966247514      -0.921088898549463      -0.380212785100916     
 -0.569196930311006      -0.743650200552984       0.842700099297612     
 -0.551226068606422       0.284885845558728      -0.253063481851336     
  0.360477871882655      -0.865616407443650       1.488801630471404E-002
  0.486063584234000      -0.209434860964816      -0.355173202192584     
  0.607804505229651       8.681632541211418E-002  0.610382092147324     
 -0.645485055466408      -0.336802061008725      -6.636956297782810E-002
  0.534831321088762       0.169507203210489       0.260238264053411     
 -0.278552889996436       0.477519948157240       0.416406108953911     
  0.641280808971474      -0.235750843173055       0.332182405806625     
   1.40866082947227      -0.974715245895287        1.06129793190605     
 -0.796739336771015       0.767268298482408      -0.426900829103905     
 -0.839017982322790       0.678681122935813      -0.644589891205487     
  0.245259286618131       -1.04802786369093       0.721743242758516     
 -7.914687774498437E-002 -0.561104046526582      -2.974066784067390E-002
  0.345660917158709       0.586398436436071       2.482789715921046E-002
 -0.217975720790917      -0.228363814518784      -0.538957433064164     
 -0.124123480114206      -8.226045665818733E-002  0.213781052825576     
 -0.169616904452078       0.210794221666907       0.319886170745896     
 -0.695408312228275       0.596303063318501      -6.660987313961875E-002
  0.256451677687003      -0.305153867182085      -0.410819581459216     
 -0.170921319797552      -0.225535866659303       0.342635632735659     
 -0.635240304196922       0.323953515863115      -0.276543226367256     
  0.422035173511181      -0.133939946421638      -0.317406862403622     
 -0.503591798459542       0.144926710014749       4.034440714757763E-003
  3.977722112003988E-003  0.486387752988177      -9.216469336273585E-003
  -3.67192487341430       -4.78384768497511       -3.43601709176218     
