  0.221716598573228     
 -0.296462468348675     
 -5.908698010819026E-002
 -9.605680619368567E-002
 -0.248939551536703     
 -0.329466022374500     
  0.809781148107526     
  0.457233366313299     
 -0.281228466104492     
  6.180689824496820E-002
  -1.29479376808112     
  0.166051615949604     
  0.798680741044773     
   1.44504875594702     
  0.392028478507108     
   1.20970718336568     
   1.64397167630159     
   1.02246166499465     
   2.29825584721479     
   1.59500307680165     
  0.854601360932896     
  -4.74410389568875     
  -2.06682704161962     
  -2.27524888057472     
  -4.60398306916359     
   4.37547795595001     
   2.42442468314694     
   4.06871132832190     
  -1.29555266397083     
  -1.77505186670255     
   1.38155518585709     
   3.03404826277113     
  -4.24133260786687     
  -3.27936790789035     
   4.28993704766656     
  -2.95618221246141     
  0.267557466000505     
   2.20010937643504     
  -3.05384711130484     
   1.73201502620169     
 -0.663955121327404     
   1.29299066701850     
   2.92284206191619     
  0.908085428922957     
   1.44177351417462     
   1.13722961020745     
  0.497597949187010     
  0.273765634092805     
   1.43239332901519     
   1.17585163811207     
  0.942812598472434     
  0.730638796197734     
  9.079624544957828E-002
  8.249689026994779E-002
 -0.918591503306558     
 -0.747376480624470     
 -0.653313896073167     
  0.523941104149026     
  0.175135735592970     
  0.623778385242590     
  0.688521999787380     
  0.292701858232101     
 -0.525106591372335     
 -0.136912235000417     
 -8.375179824588669E-002
  0.383735348621697     
