  0.596108135911658     
 -0.439795124718606     
 -0.101937883195299     
  0.238779742806111     
 -0.504432891333988     
 -5.654023332130584E-002
  0.173572027451381     
 -0.587604830770761     
 -0.767225123496373     
 -9.270960113049263E-002
  0.505372065381316     
 -0.180545624150296     
 -0.356306676334502     
 -0.233345718116846     
 -5.241845948127737E-002
  2.155022267546164E-002
 -0.477024779556403     
 -0.186828214082605     
  0.325160356873955     
 -0.476600089286146     
 -0.492342941988308     
 -0.312278765804167     
  0.381958464695475     
 -0.391779635959048     
 -0.272059396020207     
 -0.206644064701478     
  0.518643822806776     
  0.529848657427913     
 -0.499387010235074     
 -0.366162556920067     
 -0.406585029745522     
  0.178585029888446     
 -0.113611100476885     
  0.275578947925078     
  0.232707752855330     
  0.177738802347843     
  0.253843134528899     
  0.258242848611424     
 -0.156755257681786     
 -0.499620326678657     
  0.204045395710084     
 -0.481640143156604     
  0.294434484738612     
  0.240963484258585     
 -0.165933073203984     
 -0.550020513538907     
  0.147097934837504     
 -2.624163052695490E-002
  0.429800023002086     
 -1.573169994306398E-002
  0.690912423530162     
 -0.939996119959482     
 -3.062122691746770E-002
  0.392777910285317     
 -0.333459214512795     
  0.200248005579668     
  0.344446753019457     
 -0.224834029893590     
  0.370798323861733     
 -0.520040699811734     
  0.380954111800148     
  0.301804959230012     
 -0.160308143980544     
 -0.337088555400631     
 -0.142049511220103     
  0.607201208900478     
  0.236084751583459     
  0.249541507242818     
  0.202234229997567     
  0.261881876303347     
 -0.128431387150945     
 -0.152112947816955     
 -0.312266801443831     
 -8.293342380451152E-002
  0.342102181042463     
 -0.250816236215972     
 -0.327564317812654     
  0.379321770501425     
 -0.494571228404606     
  0.204794380483578     
  3.963340818311051E-002
  5.801174062245060E-002
  0.451513535683128     
  0.310347439844866     
 -0.381374010360342     
  1.468212118220266E-002
  0.317249451437898     
 -0.460620801210107     
  0.118930414893730     
  0.223768317967334     
  0.357220935418967     
 -0.519572233155195     
  3.506158303362180E-002
  4.361179528331306E-002
 -0.563808008297327     
  0.363162288888078     
  0.204399057005905     
 -0.531651741806519     
  0.345372886711727     
  0.440494536043762     
 -0.101063225960585     
  0.467037921092434     
 -0.292849031889291     
 -7.358900075759704E-002
  0.385778731480146     
 -7.051175919083448E-002
  0.196671364116504     
  0.428718416162508     
  8.984185713958036E-002
  0.511066638423480     
 -0.397712401856790     
  0.501514033606030     
  0.301319269259184     
  0.276813261019096     
 -0.308260908800222     
 -0.532270983624313     
  0.183561462657886     
 -0.279481337527016     
 -0.292113706851954     
 -0.254601115354712     
  0.149305596748282     
 -6.691908415689471E-002
 -0.189156382165163     
  3.116429248749488E-002
  0.199040341181554     
 -2.037326075391280E-002
  0.531250672201494     
 -0.214475108468026     
 -0.118123029008031     
 -0.162608328967688     
 -0.567230608345661     
  0.236147060336516     
  0.423223321384330     
 -0.186082246452136     
  0.144027046058365     
 -3.727855299158603E-002
 -5.437471978369555E-002
 -0.181671700848972     
  0.294264729290657     
  0.107738795794640     
  0.235253932229901     
  0.196466964661155     
  0.572729264055716     
  0.235518733510255     
  9.666320480251722E-002
 -0.334720825350561     
  0.182884959697395     
  8.609855535861009E-002
 -0.215716865659938     
  0.134407680661721     
 -4.245070615297934E-002
  0.518713784017376     
 -0.407241471942766     
 -9.452033162487258E-002
  0.138432062568114     
  0.394213990999637     
 -0.349238481369103     
 -0.269461746002639     
 -0.499576143537184     
  0.248437167735336     
  0.244858483297152     
 -0.454267907816917     
  0.309529380769499     
  0.208475147264262     
 -0.327509256399837     
  0.396003985110294     
 -0.131936348152698     
  0.385739283684639     
  0.292374979224427     
 -0.414389244233481     
  0.631977759051520     
  0.108802117322468     
 -0.303359083561288     
  0.355850857529344     
  0.531773910023893     
  7.576979083348791E-002
  0.451867046277851     
 -2.610660902421985E-002
 -0.314544776630327     
 -0.238641297041871     
  0.205513082483280     
 -0.417446519157351     
  0.209807276760575     
 -7.214138969069692E-002
 -0.332057413199848     
  0.178684624670640     
  0.204844495662025     
  5.229033360394766E-002
  0.288784642643616     
  0.137851707760608     
  0.301750022865812     
 -0.182941604234894     
 -0.422091559222713     
 -0.305178196721707     
 -0.410788192047292     
  0.482755738644486     
  6.315299031869537E-002
 -0.474406745052988     
 -9.033642031353636E-002
 -0.164791895058392     
  4.991713732191393E-002
 -0.187968791962996     
  0.372558377108993     
 -4.789244425273115E-002
  0.440700565657588     
 -0.391725817515709     
 -0.229760574105158     
 -0.435248811812858     
 -8.255388733804656E-002
 -0.449439636075777     
  0.456660060621369     
 -0.394620170722915     
 -4.392938131902336E-002
 -6.788155355106108E-002
 -0.433757532840024     
  0.355165841728360     
  0.374324911647123     
 -0.222467535233313     
 -0.132613039011439     
 -0.140105091278930     
 -0.252967314100011     
  4.045744993877642E-002
 -0.195454426101430     
 -0.378916120728357     
  7.769083066918157E-002
  6.405446930104283E-002
  0.257940866665217     
 -0.117889338818280     
  0.184256341690338     
  6.222378175820175E-002
 -0.496732052231487     
 -0.512697012341528     
  4.333442241576900E-003
  0.158668208056870     
  0.544267189326672     
 -6.560601358234770E-002
 -0.223198056261120     
 -4.758414792899366E-002
 -0.418350508801365     
 -9.638242648346859E-002
 -1.929443796174813E-002
 -0.131592578138638     
  9.874517729919294E-002
 -0.190971606475777     
  0.185668944475900     
  0.159957553537213     
 -0.134454897999480     
 -0.394517742755561     
 -0.464416614326089     
 -0.399467761424008     
  0.366223512564401     
 -0.438118218545712     
  0.351257927480056     
 -9.334161834000294E-002
 -0.201945699898542     
 -5.297468331360027E-004
  0.373286560241752     
  0.309689079821307     
 -0.291688112343665     
 -0.753922293413664     
 -0.347329513623212     
 -0.377833875185801     
 -0.250896400209024     
  0.116083925241732     
  0.268923436848744     
  5.750505416261512E-002
  0.514845339635455     
 -0.155135634933549     
 -0.206017342913771     
  0.481307762294464     
 -0.332299325310817     
  0.496308653794569     
  0.190438832184524     
  3.129021133081409E-002
  0.457847444588451     
  9.691872238680885E-002
 -0.271100752596311     
  0.266395594222623     
 -6.108607205039623E-002
  0.603652527046938     
 -3.540547711174670E-003
  0.373333080680309     
 -0.475568173775380     
 -0.205541155933162     
  5.138137314968239E-002
 -0.442336677626203     
 -0.487174614283127     
 -0.218286727008972     
  0.338697840589320     
  1.224453861338129E-002
  0.119840164226698     
  0.102982654160271     
  0.520666557301766     
  0.336721899493320     
  0.362942079985352     
 -0.254706737184724     
 -0.210262639836367     
  9.633552979299159E-002
 -0.289876367054971     
  0.578237515520943     
  0.623106492836920     
 -0.473311610998608     
  0.209557498553092     
 -0.223202597896578     
 -0.434523955638354     
  0.433975713016961     
 -0.426371974320769     
  0.198846527743495     
  0.371537635094535     
  0.243016279940773     
  0.454114055604431     
 -0.492010837671138     
  6.102387278291762E-002
 -0.173078886009660     
 -4.243134717812828E-002
  0.442031795237706     
 -2.559370211912072E-002
  0.534028913626050     
 -0.407522251475028     
  0.196439943701564     
 -7.692663971680576E-002
  0.588976757367814     
 -0.289820519348678     
  0.491670717486516     
  2.431507343089789E-002
 -0.441438417173867     
  0.117681220721470     
 -0.354455571991572     
  0.378806785803856     
  0.272783380884442     
  0.469341605037919     
 -0.373915997132849     
 -0.455052216839523     
 -0.534863081352157     
 -0.507972006611868     
 -9.652951755564251E-002
  0.465649941572203     
  0.455265540383232     
  0.584322629140454     
 -0.261329416811450     
 -0.370136192732322     
  0.143294710321610     
  0.567387395847199     
 -0.123823400561311     
  0.702010280227023     
 -2.353335792216162E-002
 -0.199657856119998     
  0.191500928765738     
 -0.207424062055020     
  0.281151070929839     
 -0.443759087069261     
  3.136609342216257E-002
 -0.247896309067184     
  0.359069469052298     
 -0.271772983046921     
 -7.398163527989199E-002
 -0.389366930889494     
 -0.373325572925881     
  0.228483207958123     
 -0.104397789755912     
  0.214899055518651     
 -7.101787195130310E-002
 -0.256590122937600     
  0.692587413027044     
 -0.657825561570038     
  0.453427544419205     
 -0.247043776035696     
 -0.192475477993125     
  0.220633627274791     
 -0.405304665695934     
 -2.883598801665572E-002
  0.322315009434262     
 -0.311705152901100     
 -0.508102118870006     
  0.318565657141785     
  0.119883983554125     
  0.420380410804498     
  0.349973767910477     
 -3.351316916446006E-002
  1.388772853860040E-003
  0.496387756304910     
 -2.498566616981323E-002
 -6.547934384160970E-003
  1.857067237128367E-002
  0.421353608604320     
 -0.247974006731400     
  0.381917990919986     
 -0.444683757173647     
 -1.981270052345172E-002
  2.067869202085930E-002
 -0.565390997305301     
 -0.235485420415303     
 -0.377298907050684     
 -0.349137527009317     
 -0.191985815698241     
 -0.527975674212091     
  9.019616257137958E-002
  0.313881803405027     
 -0.305009701019937     
 -0.500670457686201     
 -0.359905285790838     
  7.151498991917515E-002
 -0.461195681642478     
  0.512671334853282     
  0.349463406830385     
  0.188629163301501     
 -0.839951185626784     
  2.154113089751903E-002
 -0.255934913645184     
 -0.181205070923061     
 -0.187746278371147     
 -0.330845697065799     
 -0.547195149700883     
  0.519802129851661     
 -0.361228371616084     
  1.932487916848406E-002
  0.217781209129963     
 -0.124987963112900     
  0.304718729689334     
  0.405730847398256     
  5.504436048263314E-004
  0.256018545767906     
  0.328281233715519     
  0.355578451762082     
  0.221224597592568     
  0.238139599485357     
  0.549629199744516     
 -0.689477555392846     
  5.462578816770278E-002
 -0.208460558283914     
 -0.397211419930712     
  0.314247965895197     
 -0.110451844013683     
 -0.266831909279665     
  0.371113913150194     
  0.124920194600593     
  0.115474780551157     
 -0.111713496239139     
 -0.151279171584191     
 -0.309492857068213     
 -0.485375440418293     
  5.296619578280456E-002
  0.265395598993075     
  0.406399098426969     
  0.277714774530131     
  0.348885813024437     
 -0.658875844808095     
  0.260308573207817     
  -1.32713605497760     
 -0.234828575014093     
 -0.642344003558308     
 -4.973643483825579E-002
  0.482997469576768     
 -0.264855363635722     
  0.318316630624654     
  0.316982534195055     
 -0.429749459840964     
  0.198559914911885     
 -1.804766413989302E-002
  0.263625416779448     
 -0.107324747673389     
  5.319482074586277E-002
 -0.275421457773322     
 -0.441799402498078     
  0.443834834576582     
 -0.495491594847653     
  0.612899887597703     
 -6.308155389520709E-003
  0.555449621482033     
  -1.05981965082191     
 -0.114030249921692     
 -0.774715429761961     
 -0.122894177368195     
  0.185376633545601     
 -0.251743739952076     
  0.448635943904161     
 -0.196293984867263     
 -0.450925894456696     
  0.144289144595404     
 -0.279871939696944     
  0.189889301998875     
  0.542109763562348     
  0.453680899057248     
  0.168960115440967     
 -0.509218524494138     
  0.165195978735469     
  0.218493185749784     
  2.164848986393902E-002
  0.409889906880436     
  0.309517335160943     
 -0.949703678511537     
  1.794021914498616E-002
 -0.743622669776511     
 -0.111622899504823     
  0.644366282836716     
  0.207966794485203     
  0.353708037547591     
  0.283531655140139     
  0.234654438174667     
 -1.405295381649385E-002
 -0.180737459254154     
  0.379270057812993     
 -7.660570079415544E-003
  0.506639281765554     
 -0.513089700033190     
  0.463447990599633     
  0.412938433880453     
  0.624155503367382     
 -0.492599208847727     
 -0.391321092022350     
 -4.322655035160510E-003
 -0.823163116692186     
 -0.438947165922282     
 -0.148651045951221     
  7.206739917103973E-002
  0.969972862556979     
 -9.558257492781638E-002
  0.121140038183562     
 -0.363088959351780     
 -0.598194191803622     
  0.243636047643766     
 -0.558846337038877     
  0.152130474713294     
  0.435989903688644     
 -6.297726788237333E-002
 -0.454417483697977     
 -9.210565808829595E-002
 -0.142950279472122     
  0.174918185846637     
  0.807803157099857     
  0.185481242724178     
  0.884639092219219     
 -0.932858363951601     
 -0.517562148720695     
 -0.794471140361349     
 -0.145729456184331     
  6.024820330001442E-002
  4.115236048439973E-002
  3.293346339058607E-002
 -0.235781626906867     
 -6.227018714502692E-002
  0.483578954853607     
  0.282389720302950     
 -5.827925727207878E-002
 -0.223753157565249     
  0.151937280829302     
 -0.137780100997126     
 -0.553099304682137     
 -0.354539933847718     
  0.578381430217392     
 -0.110933640610884     
 -0.209795136926921     
 -1.794701567094521E-002
  -1.04791652393142     
 -0.252114379389699     
 -0.673670508580188     
 -0.522444543129493     
  0.557830646669372     
  0.128829328769508     
  0.215815587013883     
  0.324947346153967     
 -0.199122315092445     
  0.541457867076095     
 -6.897871297033077E-002
  0.353483948433768     
 -0.180334267492565     
  0.364927048603309     
  0.395011318580787     
 -9.930396290880686E-004
  0.425121210641421     
 -0.125207283280678     
 -0.486904227505133     
 -0.796255494389261     
  8.078325499128394E-002
 -0.509543403040727     
 -0.778397544018406     
  0.548184177594155     
 -0.120830932107631     
  0.743346917290841     
 -0.130902922332990     
 -0.437852690367607     
  0.143634443665973     
 -0.405055080514930     
 -9.155611788510917E-002
 -0.102384177386526     
 -0.312084330176284     
  0.122114981086516     
  8.915034285002046E-002
  6.230562198692621E-002
 -0.524834874930203     
  0.511393655548654     
 -0.362780098012631     
  0.592091547401754     
  0.361229373656544     
  0.611469226053102     
 -0.826858197895170     
  0.123011712555080     
  -1.26893104947014     
  0.173785069965883     
  9.101502619786518E-002
 -0.366226251849240     
  0.317860024445196     
  0.848891421444918     
  0.139291070026495     
  0.275978400752847     
  0.337224666621520     
 -1.491267723414430E-002
  0.198468402017405     
  0.364203276718856     
  0.412106401243383     
 -0.164350485602666     
 -0.482817769923008     
 -5.535091833468138E-002
  0.259020670635944     
  0.131836391037942     
  0.820797688351182     
  -1.10472096607620     
 -0.796648071800446     
  -1.09276370715287     
 -0.540083385617076     
  0.358842498780427     
  0.546110893106892     
 -6.539801213595806E-002
 -0.277333946353102     
 -0.366345379915758     
 -0.298607087346519     
 -0.429394833522816     
  0.164312269473499     
 -8.992272088833293E-002
 -0.371017329644892     
  0.294576821424670     
 -1.570116995859359E-002
 -0.423608411325036     
 -4.655506630615230E-002
  0.130413360627315     
 -0.524039708409283     
  0.516360577746574     
 -0.835262102288331     
  -3.65462958384505     
   1.46246478719855     
 -2.771656244676543E-002
  -2.50940809011731     
 -0.650482743441117     
  0.567489829630239     
  0.374728072677126     
 -0.352284752942192     
  0.256598951033766     
  0.278321176783441     
 -0.342104409491404     
 -0.323350318434935     
  0.312015697150299     
 -4.746775270813007E-002
  0.443449111058227     
 -0.332764517696330     
 -0.319992612651726     
 -0.125290871928734     
  0.695911584698619     
  0.518599376959369     
 -0.658102557180520     
   3.23685601647426     
  0.221873748309976     
 -7.950162783261254E-002
   3.89615558867461     
  -2.74268857792145     
  3.793426517611834E-002
 -0.146349278114759     
  1.854772164970865E-002
  0.346357314723533     
  0.107651979386861     
 -0.274047288938131     
 -0.111142971875758     
  0.257718268711845     
 -0.264177801510441     
  0.173968039838904     
 -0.387248503338488     
  0.476534920426407     
  0.129518131481389     
  0.130556344542576     
 -0.184007761986555     
  -1.29425973478123     
  -1.43417519585837     
  -1.51494427999225     
  -1.12152464591817     
 -0.538711020611667     
   2.03502035735123     
  0.648988615838947     
  0.103346662491831     
  0.530977153746011     
  0.102831437910795     
 -7.324710104573327E-002
 -0.241413626256452     
 -0.459262400072239     
 -0.361809040903158     
 -0.386782959425656     
 -0.275371715752782     
  0.375553850198013     
  0.478414889158606     
  7.407852601900626E-002
  4.435704754241018E-002
  0.168221522089236     
 -0.629241628119644     
  -1.24374365223512     
   1.40438406833172     
 -0.200560518454408     
  0.477903955316657     
  0.242416100700230     
  2.889347179794161E-002
 -0.180616676308949     
  0.480127069293068     
 -0.517612670678429     
  0.201570512357736     
 -8.721568321207404E-002
 -0.259487613318667     
 -0.156998603943448     
 -0.385673102691454     
 -9.350656933064240E-002
 -8.661022364290609E-002
  0.252158616503305     
  0.209156601561756     
  0.973208632173295     
  0.768997150284649     
 -0.254959945853129     
  0.420923617514674     
  -1.52012517166964     
  9.670969197132565E-002
  0.250932787357779     
 -1.836038540478630E-004
 -0.133195211715399     
  0.649513669582844     
  0.711204779896416     
  0.382850076680304     
  9.755049824455052E-002
 -0.653572333308797     
  4.218132406872536E-002
 -0.333526474917135     
  5.645011165260311E-002
  0.439516796089744     
  0.199034095157265     
 -9.703837333370750E-002
 -0.336879458577458     
  1.987389367808112E-002
  3.691459048844358E-002
 -0.352561400325600     
 -0.377254128567007     
  -1.31889203573649     
 -0.532432882169768     
  0.426010165422978     
  -1.20062957691621     
  0.504748130603635     
  0.669353741022502     
 -0.369185285491199     
  0.131056315229337     
 -0.321925662239288     
 -0.432496388466079     
  7.035086960219600E-002
 -0.405014440740048     
 -8.450597658368889E-002
  9.119482794249412E-002
 -0.261256613605652     
 -1.769606992572596E-002
 -0.484261097395463     
  0.359801000285540     
 -0.187162875896467     
 -0.796287131001128     
 -0.596448982108657     
   1.24055574876838     
 -0.526517336397887     
  0.584509725752619     
  0.159411473169426     
  0.612270433197400     
  0.766527553757209     
 -0.133428686230242     
 -0.281842094670609     
  0.248294384800162     
  0.391832667453645     
 -0.399251382347259     
 -0.427033529616929     
  0.170458728264150     
 -0.274797513624130     
 -2.296243013951477E-002
 -0.417645627591093     
  0.276090855947238     
  0.551193475520696     
  0.192947187057945     
 -0.723144202698204     
 -0.101044984371427     
 -0.747029963311134     
 -0.713562891699389     
 -0.115888183034190     
   1.55823719003818     
  0.633742538565653     
  0.889610922453561     
  0.217542313095329     
  4.805946100589516E-002
  8.329693648950789E-002
  5.872926470350858E-002
  0.398724327242995     
  7.941521752790573E-002
  0.376986973332630     
 -0.380873601453873     
 -0.169997560179623     
 -0.565391113288488     
  0.246149474412789     
 -6.590407301225909E-002
  0.332160796595646     
 -6.982186006527000E-003
  0.563856388424198     
 -2.385584547729784E-002
  0.479382121914468     
  0.544681223645592     
  -2.59688310182215     
  0.246359065305909     
 -0.262632116478772     
 -0.138489615458715     
  0.468141854321779     
 -0.392724308115265     
  0.101291440834838     
 -0.181033957720687     
  0.522242095657084     
  0.141280822207846     
 -5.893759432798772E-002
  0.473812515325780     
 -0.408811911090817     
  0.232733795526478     
  0.239575592847617     
 -0.429064270761696     
 -0.143391972152495     
 -0.215414981286447     
 -0.304235064050559     
 -0.493108840767847     
  0.280828988218940     
  0.701885229352816     
 -2.406619019628620E-002
  0.669696887637355     
  0.273570851587857     
 -4.643248915596809E-002
  0.212115648469374     
  0.190793201214199     
  1.857770978668998E-002
  9.999013488461123E-002
  0.531751860422280     
 -0.305170003327002     
 -0.334404195242175     
 -0.429216617016277     
 -0.188262740916849     
 -0.253016254272535     
  0.312597981256413     
 -0.561300926616425     
 -0.487446131047949     
 -0.636125439171940     
 -0.297729830345327     
  0.261081147989774     
  1.408160852330398E-002
  0.757319795021040     
  0.530018907075242     
 -0.212392896814773     
  0.719814936573322     
  0.599050312497287     
 -0.290244019953575     
  0.387415826441033     
  0.465738024320036     
  0.331134556769573     
 -0.196166079788606     
 -0.499367002972436     
 -0.500254751787704     
  0.285741880900248     
 -0.180121386781085     
  0.429417231704013     
 -0.596499833366095     
  0.274728657388557     
  4.728084001565108E-002
 -0.302402929685681     
  0.593272140646067     
 -0.419159155002725     
  0.417433728214619     
  0.787330055439425     
  5.248957424528137E-002
  2.097563353683156E-002
  0.461907747980332     
  3.244999567461988E-002
  0.242391123599689     
  0.426889653467720     
  9.156150282705265E-002
  0.353017752252464     
 -5.193782646104941E-002
 -0.114314350739571     
  0.102495590435694     
 -0.494037950183545     
  0.229669243933142     
 -0.311391710566767     
  0.116791027485411     
 -0.125097789412101     
 -0.254300177966866     
  0.321476454975351     
  0.300681852946052     
  0.118528963491224     
  0.575703001589991     
  0.158864538204253     
  0.201793699681864     
  0.128389614374665     
 -0.592753778921639     
  0.131281753100382     
  0.128818631419308     
  0.181328772249084     
  0.403261214401870     
 -0.332834358215298     
 -0.381971261844229     
  0.464670029710802     
 -1.447237034267481E-002
  0.214015393703569     
 -0.505072098361261     
 -0.695202410469153     
 -0.164308452828850     
 -0.237657792895309     
  0.206829384489040     
 -0.286512917207246     
  0.291206284820389     
  0.974159879370895     
 -4.091632205510334E-002
  0.456597652182974     
 -0.233911810691014     
 -0.328251053748265     
 -0.280187406195331     
  8.405543412996350E-002
  0.175442362276452     
  0.304588519705842     
  0.112367154319590     
 -0.246137044213367     
 -0.233646982056174     
 -0.507472927036338     
 -9.405543845138029E-002
  0.270659032703356     
  0.214042761129995     
 -0.342333110117796     
 -0.268930793790794     
  0.122611875058679     
 -0.186070773768918     
  0.606472930626060     
  0.950489698597739     
  0.500107062452701     
  0.208349760334514     
 -0.169615419521805     
  0.421277823689625     
 -0.365873152776723     
  0.469506797529956     
 -0.522578681315993     
 -0.151250555348796     
 -0.242882629728326     
  0.141267552254100     
 -0.183127077929939     
  0.168035143264007     
  0.162561787586554     
 -0.161851274053398     
 -9.713757698959921E-002
 -0.645367375047752     
  0.371102423657658     
 -0.121833644611839     
 -2.482685507671061E-003
  0.529020840355547     
  0.154009414331465     
 -0.303613086201681     
  0.280029492995668     
  0.440485051030625     
 -0.269741318307724     
  2.050778603898256E-002
  0.462902663515951     
  0.525733085303069     
 -0.486700807982788     
  0.526414476329301     
 -0.492225157153060     
 -4.733779689275712E-002
  0.513040066915899     
  0.103837921601681     
  0.138297081580047     
 -5.446511270849669E-002
 -0.533806983258826     
  8.159799821483364E-002
 -8.359310590872257E-002
 -0.450866204745075     
  0.215985791941177     
  1.773268967329211E-002
  0.539214432359921     
  0.451038176015910     
  0.300080028734828     
  0.414584164879269     
  0.480200179384651     
 -7.965984819651954E-002
 -9.512327421969412E-002
 -0.381464584233113     
  0.125420011072793     
  0.197743279275889     
  0.452752491756185     
 -0.105383435837340     
  6.584097231862422E-002
 -0.115958554469676     
  0.134958537101561     
 -0.212103495384342     
 -0.214919604582054     
  9.710505032058844E-002
  4.327666543268824E-002
 -7.265501594990867E-002
  0.548013699662042     
  0.108940065560065     
  0.351622689793012     
  0.230529630213053     
  7.490428924476059E-002
 -5.626682049700421E-002
 -0.316583918737994     
  0.284361458923265     
 -6.648747629362248E-002
  0.315021786826058     
  6.203305699122637E-002
 -0.220066940237372     
 -9.698501266372753E-002
  0.257138753943336     
 -0.610651099315086     
 -0.258907313306925     
  8.744584842013632E-002
 -0.267155676194607     
  0.177146858165697     
  0.403223939518372     
  0.445840694399378     
  3.767787512744315E-002
  0.184694698389952     
  0.269274936856693     
 -0.144204671062593     
  0.357398738601670     
  0.230727142469767     
 -5.711515395209858E-002
 -0.473895551880506     
  0.154883885568837     
  0.221312176170463     
 -0.548163138605369     
  0.172837591816498     
  0.261487362533742     
  0.410534225576524     
 -0.201183790783716     
 -0.186761174701937     
 -0.218160383325500     
 -0.210545022364462     
  0.160588397138341     
  0.177217180931751     
  0.439627193410498     
  0.280556611430350     
  0.128866344569566     
 -6.128523905362866E-002
 -2.054801253615649E-002
 -0.356220421278223     
 -5.790732774270185E-002
  0.494813368392010     
 -7.378700848995717E-002
  0.265329565557736     
 -0.243665732829553     
  3.125525431815499E-003
  0.513239493733950     
  0.466461051879373     
  0.180810960586205     
 -2.390157200550052E-002
  0.298231554333995     
 -0.470545001481274     
  9.406719557741638E-002
 -7.667322036408698E-002
 -0.240150835767748     
  0.146121497683437     
 -5.876243373264568E-002
 -1.261711735202023E-002
  0.198332311622475     
  2.152991739535986E-003
 -0.487986684120930     
  0.486565515408651     
 -1.951382201969110E-003
 -0.382289748450691     
 -0.162989627695408     
  0.319439009364787     
  0.213312507609577     
  0.390295982347697     
 -0.392012301941169     
  0.399598884100277     
  0.216205169524139     
 -0.578708426373238     
 -0.186287281950938     
  0.253657498564125     
  5.980361077982739E-002
  0.143605666846961     
  0.409981519231402     
  0.466054462747622     
  6.687000878847139E-002
  0.120861182134246     
  0.418107563938520     
 -0.612968226642183     
  0.338572041437059     
  0.511282390250284     
  0.301102754084324     
  5.327266885717581E-002
 -0.493224757318224     
  0.367039935688405     
 -0.362473046525072     
  0.262048537801840     
  0.235153635487411     
 -0.496572973217419     
  0.417027594973489     
  7.880756380512220E-003
  0.178422981967113     
  0.119657384796692     
 -3.280927517369263E-003
  0.373964183240093     
  0.174572593725514     
  0.259985945745418     
  0.654183834412447     
 -0.408939250460059     
 -0.268155652387355     
 -0.384092658237673     
 -6.806208324851168E-002
  0.226373182021658     
 -0.344681120052925     
 -0.288990035082354     
  0.349530051976526     
  0.548112153595171     
  0.228435878548805     
 -0.163037685269676     
  0.217332097797383     
 -0.212878918402495     
  8.686802739726325E-002
 -1.566590373561668E-002
 -0.174983422051992     
  0.265599656750445     
 -0.417801192874459     
  0.469590951859663     
  0.250336568107410     
  1.336747492448224E-002
  0.535112039937417     
 -0.228704818567291     
  0.120544293057598     
  0.487387405636090     
 -1.350892071050099E-002
  0.100525138837596     
 -0.517412260176756     
  0.149755177494336     
 -6.507173337247858E-002
  8.691449042562106E-002
  0.203679015890902     
 -0.296056870408580     
 -0.305089934001357     
  0.197208349092899     
 -0.308576013545263     
  8.871233523498320E-002
 -0.317874009801376     
  0.171752494198656     
 -1.899132948395458E-002
  0.108741912061192     
  0.211713905379639     
  0.380221940905865     
 -0.121517379530423     
  0.382120530700260     
 -0.119722639026863     
 -9.245535648287351E-002
  0.447345137811553     
 -0.207322736132637     
  0.266311927002977     
  0.301314330423360     
 -4.891964746197641E-002
  0.362900865555392     
  2.218073317957315E-002
 -7.646267623937049E-002
  0.124494850407308     
 -0.340539098614170     
 -7.208878319652634E-002
 -0.215956041415256     
 -0.429260908333941     
 -0.192573398856266     
  0.183834181219265     
  0.115568894782856     
  0.149366931045835     
 -0.532923642668604     
  0.343840508018151     
 -1.312846858148539E-002
  0.247232816769951     
  9.907649370336487E-002
  0.391204812333401     
 -0.536749397174331     
 -0.159414549971884     
  0.268939528851168     
  0.121861889516928     
 -0.219627803423047     
 -0.250495227632140     
  0.158636189907827     
 -0.339174907575930     
 -2.522260163409528E-002
 -0.321835495219653     
  6.103912608244812E-002
 -0.277705690643684     
  0.510417064023102     
  0.389964487814856     
  0.423246561050389     
 -0.589070011792345     
 -0.367089351118835     
  0.259472875968723     
 -0.410366449575239     
 -4.013272443404436E-002
  0.126197395798875     
 -0.150832310360235     
 -0.118453432915649     
 -0.504967174742663     
 -7.383573499358138E-002
 -0.147925473069802     
 -0.244520596482421     
  0.269677685234953     
  0.369494248708157     
 -1.359545915913542E-002
  0.571006078880459     
  0.508938884361843     
 -0.489618858447749     
  0.155696283547630     
 -0.202998887837861     
  0.175527805895292     
 -0.129268469512986     
  0.227680564061973     
 -5.031786722186190E-002
  0.259250169521442     
  0.335697230892536     
 -0.508601300334124     
 -9.683401980769056E-002
  0.498136235429353     
  7.161102525827091E-003
 -0.140410386530177     
  0.163403423306712     
  0.593318603516944     
 -0.131770180081801     
  0.131016403358193     
  9.597865284573208E-002
  0.280639130807277     
  1.366068818546614E-002
  0.552844434331998     
  0.317995906241193     
 -0.148680603936173     
 -1.592853599376568E-002
  6.437365895574104E-002
  0.434205898733437     
  0.117421486818566     
 -0.504579991560012     
  0.516621105864029     
 -0.279648835038180     
 -0.362126072469052     
  0.319670844608690     
 -0.477994293431828     
  0.428177075964190     
  0.106985563348082     
  0.145260911516157     
 -0.569192811049419     
  3.308234896805955E-002
  0.292184002622959     
 -2.241987663354671E-002
  0.169366014870948     
 -0.318755764904083     
  0.400578679777870     
 -9.178628819109448E-002
  0.401124168635387     
  0.178280896526056     
 -0.292526810505651     
  0.592176690871819     
  0.140359037635410     
  0.125390108101394     
  0.124155282770168     
  0.448196480065853     
 -0.407098072707557     
  0.261018219216726     
 -0.172933610505065     
 -0.575360044498488     
 -0.414505173040180     
  0.221828425187783     
  0.454769507927280     
 -0.488298818936675     
 -0.247302491054862     
  0.651514264658881     
  0.489089512170250     
  0.251691082144671     
 -0.402339587715863     
 -0.341028868114520     
  0.422616460647829     
  0.371953682396234     
  0.238688795428855     
  2.495440268593912E-002
  0.436524125182498     
  0.366100657730242     
 -0.184988180656017     
 -0.141958467575794     
  0.179954707632190     
  0.493111291629797     
  8.144323675320177E-003
  7.486871091842374E-002
 -0.170301761740086     
 -6.303877033434028E-003
 -0.318927814632713     
 -0.453875668320187     
  0.483876135762030     
 -0.203162778647303     
 -4.645469859267207E-002
  0.411301925287823     
  3.898088005499302E-002
 -4.168981347044709E-002
  0.215774704734881     
 -4.780221923737064E-002
  0.307425721358623     
  5.745215966558028E-002
 -0.117721868698311     
 -8.385680498903954E-002
 -0.236168014618612     
  0.511494423602416     
 -2.332868188724492E-002
 -1.807511239705530E-002
  0.834212625946189     
 -0.842297827253831     
 -0.528035984691353     
  0.217861990483148     
 -0.139992121498468     
 -0.464744631658010     
 -9.517443635372315E-002
 -0.464574811054468     
  0.458253047128838     
 -0.406166931286186     
 -0.129765238266107     
  0.501881590042125     
  0.217880260838959     
  0.433845655260278     
 -6.025369655549741E-002
 -0.430445582270805     
  0.709981677951260     
  -1.13922228768835     
  -1.59083264073885     
  -1.71749663000904     
   2.76939958204244     
   2.03486210367141     
   1.30443279323632     
 -0.770293340994045     
  -3.59731222195803     
  0.358467851360946     
  -1.27062981724452     
  -1.93269124422128     
  -1.02756696068311     
  -1.47661449221885     
 -0.402832038921659     
  0.609308887998026     
 -0.620449960978677     
 -0.222732124395638     
 -0.169605124189927     
  0.446843202388323     
  9.417678488738024E-002
 -0.170478791817946     
 -0.236889038968827     
 -0.393946163207941     
 -5.311192812116283E-002
  0.348047883050974     
 -0.358804789788694     
 -0.432031257675044     
 -0.149313710207695     
  0.484648164346426     
  0.482191339191955     
  0.190329746114661     
 -0.127611284358655     
  0.237330287018880     
 -0.189496763312120     
  0.128054521713669     
  0.212661005138586     
  0.193870306613935     
  0.378590785269058     
 -2.423192186904555E-002
 -0.265672553685787     
 -0.158492435475335     
  0.217808001571380     
 -0.300558054617067     
 -0.479124051665508     
  0.362074088626230     
  0.379639317087235     
 -0.401557117328933     
  2.957834565852036E-002
  0.123520723412835     
  1.311069804896881E-002
  0.351759094437201     
  1.552682627076751E-002
 -4.037265989767502E-002
  0.456935292907561     
 -0.288052791893796     
 -0.303167203162083     
 -0.331084959042094     
  0.455177958506992     
  0.176427043688063     
