  0.139160806893218      -0.219577725386843     
  0.251107399738364       0.542409238359696     
 -0.187346141300510       0.280448456877684     
  0.340648761629746       0.335619372919667     
 -0.165588753780759      -0.322340533128071     
  0.159959907901748       0.168716009948118     
  0.199569674104251      -2.411658445344363E-002
 -0.260316996924328       0.215078672368255     
  0.294861673712636      -0.172006877758361     
  0.334625804348066       0.180440302452067     
  0.355396095430170       0.295429109639451     
  0.157423150936712       0.443110678378082     
 -0.239655033845342      -9.288208591495565E-004
 -0.147304775830970      -1.968560426339625E-002
  0.533397503389430       0.244978886033184     
 -0.113849170180150      -3.771539004532742E-002
  7.209689686373044E-002 -0.239777132222308     
  0.445042911762915       8.663833294460896E-002
 -8.519009370063764E-003 -0.267284186748526     
  9.642202971689870E-002  0.226120123922125     
  3.010304614983679E-002  1.221758013050665E-002
  7.622327850727287E-002  0.167645073544569     
  0.193530709182329       0.161899817746076     
  0.181580609663563       0.355157526635759     
  0.176491524410147      -0.214529156636192     
 -0.159460822602675      -0.344351266143090     
  5.538763773053107E-002 -2.333670564987525E-002
 -8.179423594874542E-002 -0.453475841211900     
 -0.406041438912914      -0.130979428210515     
 -0.239982610083361      -0.546202129332716     
  0.103867103219094      -0.144174364436702     
  0.555368203891791       0.323554494337851     
 -0.131353601356410      -0.293847530778630     
  9.334962728924490E-002  0.115771147020932     
 -0.237920796783695      -0.270953248890080     
 -9.051691183324591E-002 -7.970293348803557E-002
 -0.338314635942909      -0.514867586379279     
  8.822917572332610E-002  0.293736886786644     
 -0.585710966511212      -0.559375100407186     
  7.596480131701837E-002 -5.532255846749303E-002
  0.460571727473696       0.494007631849397     
  0.197925888263894       7.928924035818249E-002
 -0.276281207570813      -0.203584441109069     
 -0.513065599930983      -0.434897630392999     
   1.76163695646698        1.75974065803163     
 -0.143319433953050      -0.137356760377618     
 -0.594668273679173      -0.580326972768610     
 -0.842107899087132      -0.846155654529886     
 -0.600459690797429      -0.586275059962262     
   1.46257139969921        1.45016048516799     
   1.66255044560879        1.66636630657793     
 -0.425522652364951      -0.423056666716550     
   1.24821132130314        1.23935956703696     
  0.171380185578007       0.145774491760674     
 -7.070961207136875E-003 -6.012293152115816E-002
 -0.630385527493070      -0.637117015186373     
  -1.20557729666445       -1.21252932697663     
  4.153973579908244E-002 -5.568816330200794E-002
 -0.577247458893002      -0.572269125378282     
  0.355794655686438       0.198991953084453     
 -0.271086611595110      -0.202523616668395     
 -0.181294969883332      -3.825186180729463E-003
  0.407704852513257       0.290025433556014     
 -9.808039955257600E-002  4.657934193516546E-002
  4.766925367183489E-002  4.087122975523222E-002
 -0.338941006194889      -0.228451051839036     
  5.041968484987976E-002  0.493080392394546     
  0.224624510715468      -0.118522374867308     
 -0.227396617565394      -0.520778305780454     
 -0.600990943580292      -0.125310357466967     
  2.555718698180457E-002  1.886810216181765E-003
 -0.136247210285432       0.206345867914718     
 -0.108626817800057       3.009007941553973E-003
 -0.100659334524180      -0.221709241176081     
 -0.146198327479548       0.368657128773584     
 -0.139209836117710      -0.175255591895311     
  0.240617058682040       0.250328633159791     
  0.535379114505840       0.521483218580940     
  0.309832787895185       0.744953544156303     
 -0.292066440777042       6.261929559969220E-002
  0.105877928490435       0.122117234158251     
  0.303282775183022       0.151775963895408     
  0.131832668212828      -0.365704229689539     
  0.176923680083885       0.190241870881650     
 -2.818906147984373E-002  6.970658758635192E-003
  9.310315678583120E-002  3.919633764885337E-002
 -0.308830299070017      -0.258273957590601     
  3.619638261766181E-002 -0.199719658758138     
 -3.122388832093245E-002 -0.175639733632797     
 -0.464329111911845      -0.168225694032880     
 -5.246809165948425E-002 -0.408986197686534     
  0.343640484778851       0.508013187509736     
 -3.199082555102449E-002  0.205935170046712     
  7.563143272662787E-002  8.088961401042657E-002
 -0.468248270667852      -2.937929199956460E-002
 -0.359017194606020       1.088790508900399E-002
  0.350571311777487      -0.238387936860863     
 -0.234131115722282       0.168596230091241     
 -5.924042450533247E-002 -0.322272128351375     
  0.431632729919493      -0.352544752807610     
 -0.203634496235727       7.781115298711473E-002
  1.550377168896653E-002 -2.520609479719352E-002
