 -0.384637999349928       0.255463042604004     
 -7.454848465825353E-002  0.245455044440508     
 -2.628038643771023E-003  9.971465844136286E-002
 -3.255152549827538E-002  0.521446050177204     
 -0.524576150331981      -3.582248347583841E-002
  0.205051907340872      -0.401246192198062     
  0.196137553105592       0.402103732433691     
  0.268225861415095      -0.465630328697022     
  0.343946996357338       0.406325989946603     
  0.417980140949304      -0.371123501506230     
  0.308945281930713       0.353673046226849     
 -0.102535139694787      -0.198170103446210     
  0.121817366411198       0.381719615537860     
  0.183939428535734       0.249632722219027     
 -0.355541453849712       0.293661446937665     
  0.311954734690342      -0.410473729572465     
 -0.552553373803212       3.340788718980189E-002
 -0.147481361408571      -0.299642947156169     
  0.539872364078592      -3.131826943792529E-002
  0.239489864870272       0.101303271061324     
  0.385397016429375      -0.415078359469742     
  0.337581955687040       7.528857320877565E-002
 -8.122223442307237E-002 -0.168174134470068     
  0.247672677106540      -0.392088483746172     
  0.346196594599198      -0.632645910716826     
  0.120943455960738      -0.369919782010482     
  1.428286338718357E-002  0.440439510591935     
  0.441376474139766       0.276556859235201     
  2.279506539922700E-003  0.132931543087872     
  0.210215468627432      -0.148536372647150     
  0.368272579197095       0.527178929558332     
 -0.437637559476511      -0.139693816373476     
  0.302545784840158       0.307463976096383     
  6.568972689382233E-002  0.347690903144878     
 -0.514153765044894       0.379397090233067     
  0.745362649042667      -0.215585664466785     
  0.204182198677531      -0.281153679677463     
  0.274483927990182       1.986372381863947E-002
 -0.192057251883272      -0.317942639246102     
  0.130670339116623      -0.471054129089044     
 -0.845626310893526       0.755167948369217     
 -0.297619433066461       0.632995622798649     
 -0.159908410907417       5.472796110302628E-003
 -0.290718313052916       0.702015922074300     
 -0.847240521148505       0.894334656292175     
   1.00865214499821       -1.13839009334427     
 -0.580377658719544       0.376782163192722     
  0.789516818361215      -0.576651295501338     
  3.061383027632634E-003 -7.113130559590332E-002
   2.07113922342368       -2.07518744569011     
  -1.35865069120432        1.17605311842169     
  -3.02413630725529        2.82697950631184     
  -1.50717052268098        1.73269453851340     
 -6.174459337219496E-002  7.924618191123257E-002
 -0.473560161030116       0.901597726796839     
  0.527972806097923      -0.775710078565461     
 -0.668876741983246       0.364905460644041     
  0.313309217812736      -0.336914916371814     
 -0.315096702816150       0.410811169339609     
 -0.228719292405652       0.288434477815515     
 -0.107828803162936      -8.885395915743440E-002
 -0.648706500815278       5.503913022519953E-002
  8.629257023722556E-002 -0.244562802546653     
  0.112312385406999      -3.727551210714488E-002
 -0.392109369795233       0.382167931609738     
  0.610588558377705      -0.209669900188013     
 -2.516137748207391E-002  0.372377220127876     
  0.343922050458465       6.725434859452575E-002
  5.632507832454557E-002 -0.219052535745890     
 -2.488289106132926E-002  0.229375448690662     
  0.552965849703917       5.530674850560319E-002
  0.320627817371664      -0.266659267661816     
 -0.460543979453729       6.502596326524296E-002
  0.448411570243090      -0.228886437031707     
  0.443316503477086      -0.218324111109495     
  0.251082510331627      -0.465390342981276     
 -0.204833703320395      -0.384655251673649     
  0.191609916932970       0.487232590503038     
 -0.343180368070956      -0.134825212237238     
 -0.449314646130140       0.427540208005757     
 -7.591192347670607E-002 -8.131827020471984E-002
 -0.153731034316496       0.211426559240559     
 -0.161741354998445       0.514077016769028     
 -6.462839216377772E-002 -0.542141425877828     
  0.258811903741531       7.457500657357855E-002
  0.198325011724297       3.818910802822718E-003
  0.530951907040644       4.253654432131844E-002
  0.364475972989502      -0.199915330442034     
  0.324402193520894      -0.131572271867956     
  4.481024765627870E-002 -0.399583308102005     
 -0.316629296883014       0.334683443151926     
  0.438307919613487      -3.494477687533309E-002
 -0.268394375630429      -0.376331023818755     
  0.416686437320852       0.353051933454703     
 -0.467725010349820      -0.153304882643835     
  0.493358973542499       9.293811272844586E-002
  0.235465228711969      -0.370635780450777     
 -0.276127647581360      -0.292973039915726     
 -0.179585453019171      -0.516870428868992     
  7.154977079077136E-002  0.297589956603744     
 -0.359072916633738      -0.341018883531866     
   1.73986663809857       -1.93460464492526     
