  0.395966767433309     
  0.389136008108280     
  0.487607079363557     
  0.590828402080564     
  0.394232798840639     
  0.618311805137105     
  9.785272957805302E-002
 -0.517967562847020     
  0.742880139533631     
 -0.193254010343431     
 -0.139475054051688     
  8.036565084317611E-002
 -0.578145299021536     
 -0.106561225066122     
 -0.596371017947162     
 -0.295235282459465     
 -0.121125162956306     
 -6.320546605499820E-002
  0.192309677992286     
 -0.494333594371431     
 -0.489995800960462     
 -0.387727462515383     
 -0.326976069851543     
  0.411111751536812     
 -0.119836445569131     
  0.152811928907049     
  0.108836961393560     
  0.162598352765457     
  0.664091195794885     
 -0.673015773417394     
 -8.551158727311071E-002
 -0.183232387432112     
 -0.741051077863860     
 -0.222856351819144     
  0.117476442070909     
 -0.630107535121581     
 -0.541731879258947     
  0.341685031572316     
  0.419492671807406     
 -0.400464242939021     
  0.205403589539572     
  0.266149758410751     
  0.705675693711131     
  0.634894214948337     
 -0.196740531569690     
  3.925200637189544E-002
 -0.502164079912973     
  0.139236045788218     
  0.207076633473455     
  0.935905199239198     
 -0.563309174469906     
 -0.125090866256105     
 -3.480499317497417E-002
  0.835229371757562     
   1.53382971534223     
  9.821978556917572E-002
 -7.241186396353647E-002
  0.242349688959218     
 -0.399194225220031     
 -0.251016943214630     
 -0.144157345525216     
  0.390615745902677     
 -0.382631855128624     
  0.211336028110613     
 -0.287607396678378     
 -0.104290312608003     
  0.566854086456012     
 -4.480588656299554E-002
 -0.259604977661279     
  0.160671338286043     
 -0.389295541979063     
  3.278268616069205E-002
  0.172222795003339     
 -0.378150088222562     
  0.362083270532376     
  0.418569171201096     
 -0.218085350630995     
  0.176397796620369     
  0.457094360230645     
  0.172184812545999     
 -1.711934313509137E-002
 -0.458492942349200     
  0.213325146459892     
 -5.779585182047187E-002
  0.500584192166571     
 -0.284003643343594     
 -5.685721923460838E-002
 -0.369847319204240     
 -6.592616745117623E-002
 -0.266132355830955     
  0.210093653854074     
  5.420290650249260E-002
 -0.385834624098214     
 -0.104703260072298     
  0.116002576968182     
 -0.388670042809006     
  0.448605624749134     
  0.456336659546933     
 -0.274575983425147     
 -5.924045019058128E-003
  0.526466001387534     
  1.301615208736942E-002
 -0.113852408142301     
  5.886959833685395E-003
  0.393640541496007     
  0.121244928454892     
  0.604926489413710     
 -0.193697340073016     
 -7.151157998476476E-002
 -4.265618269919004E-002
 -0.455867325369436     
 -0.242520551765323     
  0.417518752934196     
 -0.697486926618003     
 -0.198104884361593     
 -0.133084679354607     
 -0.686348215353038     
  0.643928543326904     
  0.767785993863249     
  6.554730344181076E-002
  1.531217579084855E-002
 -0.210612957130753     
 -0.249670884761030     
  6.312992663835031E-002
 -0.359202993613880     
  0.138415789544556     
 -0.204565680216008     
 -0.179954230537338     
  0.921286016811416     
  0.815524305746657     
 -4.231551613037375E-002
  0.669964818841357     
  0.267412733597399     
  8.645850949074682E-002
  0.206507601526959     
  0.139250588127511     
 -2.305019521800352E-002
  0.128725814686792     
 -0.235817516194219     
 -0.386967402944987     
 -0.217921423162381     
  0.539316842506018     
  6.561424767417923E-002
  7.915540948978926E-002
  0.131367938354399     
  0.256852700593748     
 -0.127525822225995     
  0.156420197835707     
 -0.153205087678093     
  0.663597160076472     
  0.923042214080968     
  5.547929348553431E-002
 -0.482866961479144     
  0.568332555525866     
 -0.241468938962906     
 -3.795251173200704E-002
 -2.332518958564431E-002
  0.309634806428808     
 -5.292615013326801E-002
 -0.344845732129945     
 -0.104865676431575     
 -0.357980167611796     
  0.373498068203391     
  0.133121507985038     
  0.212988249688434     
  0.312150154403151     
  0.138605410839980     
  0.367627706990930     
  0.304389376329987     
  0.589183250895184     
  0.393036161494360     
 -6.520953896406850E-002
  0.187579107809374     
 -0.538171336509886     
  0.176483247582824     
  0.124995123431579     
  0.325068535695615     
  6.814644875928218E-002
  0.168875679411474     
  0.159259212523406     
  0.590672548923001     
  0.656774540229940     
  0.142111395955960     
  0.539013012447049     
 -8.316172974008369E-002
  0.231671031367756     
 -0.264509062533375     
 -0.306666538731086     
  0.441271103622160     
  2.523130208494125E-002
 -0.232337179116093     
  0.237057390393710     
   1.26918783000157     
 -0.226120193519473     
  0.706790871286430     
 -0.199131366035235     
  0.262453917527125     
  0.318533695257919     
 -8.929977936126750E-002
  0.343683338164272     
  0.378589195756891     
  0.370019555862632     
 -2.432533269779023E-002
  0.228782355195402     
 -0.204422760425842     
  8.663397494682913E-002
  0.224031827294721     
  0.198493224589603     
 -9.926376999929956E-002
 -0.288599219640235     
 -3.904906421113003E-002
 -4.187529311414270E-002
  0.543015960026030     
   1.26113440151159     
 -0.314899955662398     
 -0.719396666559804     
  0.658231975994670     
  8.473812766698093E-002
  0.156950140792253     
 -0.173249651032581     
  0.173837930897394     
 -0.123887881833387     
  0.333445364960274     
  0.317336795539217     
 -0.582846707649202     
 -1.436076010803498E-002
 -2.711817034699322E-002
 -0.399329855723654     
  6.574749028079996E-003
 -0.152657099615008     
  0.351745905743326     
  0.140926643475884     
  4.364770901799458E-002
 -0.123711358755618     
 -0.155689522897458     
 -0.737026618191373     
  -1.05523044720502     
 -0.138497864673846     
 -7.304289720498137E-004
  0.324461587059124     
 -4.494067073107989E-002
  0.436010490078321     
  0.104179854483200     
  0.227174690836027     
  5.904277787910061E-002
  0.172169883803329     
 -0.126526234780329     
 -1.627889016462902E-002
  3.297253543778541E-002
  4.189157214312706E-002
 -0.381615683071175     
 -6.355960394551720E-002
  0.200517197467869     
  0.462101476743908     
 -4.310213795966054E-002
   1.05807103618922     
 -0.806020231119019     
  0.313603097071828     
  0.579945477267749     
  0.316007772924371     
  0.122211930625207     
 -0.110646815145123     
 -0.508248002584500     
  7.745377207981803E-002
 -2.920578933760392E-002
 -0.149152441925624     
  0.248629483031003     
  0.276641113687211     
  0.132340038411239     
 -4.859721643049452E-002
  0.320949415863821     
  0.121333667459329     
 -0.132476670550318     
  0.396287907562058     
  0.191290876450406     
 -0.194779299175249     
  0.800928647298068     
 -0.701022874589705     
 -0.516092325086185     
  0.783017123877839     
  0.550023535986934     
 -0.120719930836408     
 -0.127192134588625     
 -0.352236506555167     
  0.113631355875319     
  6.314313994737272E-002
  0.473615897948437     
 -0.271132001687634     
  0.218475456556373     
 -8.142882506426502E-002
 -3.240872839812282E-002
  4.016545846910336E-002
 -1.881912416410248E-003
 -0.225136616670897     
 -0.236481738313734     
  0.467859673686909     
 -0.497258059046732     
 -0.598887901311551     
  0.131679857751788     
  -1.54511947922009     
 -0.192034703545069     
  0.389563834377598     
 -6.982357978368392E-002
  3.651090119351063E-002
 -0.162803267896887     
  0.361058337085743     
  0.179243185597864     
 -7.108319435705379E-002
  0.104100303065325     
 -0.365201672863214     
  0.530510707400558     
  0.209872339995305     
 -0.284508035945670     
 -0.343224015734429     
 -4.018931627302297E-002
 -0.363327835055871     
  0.308562282591572     
 -0.154702607379403     
  0.232754904875554     
 -0.921830563698687     
  0.234896943328829     
  0.761328580180268     
  0.412571462613140     
 -0.119064688559629     
  0.105648861463615     
  9.842115535897648E-002
  8.837322923352796E-002
  0.339850801643164     
  0.233207948537456     
  9.283645320604990E-002
  0.451026612710853     
  9.143777001964896E-002
 -0.206503344785495     
  0.523915195539143     
 -0.386607283586265     
  0.175831445968427     
 -0.434317273909671     
  0.535129976730258     
  1.963154558699690E-002
 -3.310591620215476E-002
 -0.816600657993248     
 -0.597762058615713     
   1.09968381586075     
  0.641048612285536     
 -0.129555984028132     
  8.540672571308179E-002
 -7.238628569225244E-002
 -9.567431309500979E-002
 -9.549091698671811E-002
  0.584209956750827     
 -9.259819977273473E-002
  2.242751373697218E-002
 -0.194297866163876     
 -8.669740558769383E-002
 -0.459342688715182     
 -0.121966206526422     
 -3.609197088846522E-002
  9.635187964285270E-002
 -0.270767278628321     
  0.563048209766103     
 -8.680639541026296E-002
 -4.458743395105522E-002
  -1.70418824584408     
  0.152182625774669     
  0.466555158733852     
 -1.866517143508684E-003
  0.375782649665725     
 -0.822008276220157     
  0.287392907255443     
 -0.646755181231939     
  4.773834719571002E-002
 -4.743496957555485E-002
  0.589176646739251     
 -0.334425641474063     
 -0.472387549574853     
  0.478795965835339     
  8.555237074106613E-002
 -0.530924246593898     
  0.133482782450464     
 -0.327162760754213     
  0.345184549283952     
  0.332562128694580     
 -0.480172271001223     
  0.757263358899037     
  0.987008452802010     
  0.533043589260324     
  0.196447321615558     
  7.376009212160080E-002
  0.144026133691139     
  5.714620916730259E-003
 -0.537057606227093     
  0.532987906186534     
  7.515453175474663E-003
  4.307744502960102E-003
 -9.008589831191313E-002
 -0.286926989195196     
  0.245486736809322     
  0.221797478632657     
  0.325395331975198     
  0.295614596677313     
 -0.406305344284772     
  0.297322622594520     
  0.407206108861963     
 -0.698387151426215     
  0.831936886987313     
  0.377110614547677     
  0.460523042631357     
  6.797154153208196E-002
 -1.227675757751702E-002
  0.204941094080786     
 -0.301741633645493     
  0.106447719524304     
  9.768125551791951E-002
  0.209158867122065     
 -0.141288906652197     
  0.524253170102164     
 -0.230236039175404     
 -1.548090026248698E-002
  3.974509218852668E-002
 -0.505817132561045     
  4.811119832479659E-002
  0.411892421126148     
 -8.110254168067244E-002
  0.331372639238714     
 -0.146856642008709     
  -2.13093473854359     
 -0.468832014074622     
  9.850750278447888E-002
 -0.273639594954522     
  0.278223037589544     
 -0.936233353660670     
  9.501441301569566E-002
 -0.841058184783123     
  0.503096745712200     
  0.168551146369982     
  0.123621750943253     
 -0.362070428006696     
  0.431080068377562     
 -2.542794456303875E-002
  0.459398107465114     
  0.267599752503699     
 -0.478906930942792     
 -0.344120217005229     
  0.143950054468607     
  0.328934523562024     
 -6.604086307538373E-002
  0.492952423687467     
  0.554776588502755     
  0.459103670731707     
 -1.534689140379857E-002
  0.184594865383317     
 -0.145083074099465     
  0.459088360793744     
 -0.751792754471182     
  0.270072884639525     
 -0.247795628673527     
  4.641366077929207E-002
  0.196170585682198     
  0.164253514706088     
 -0.251807878710695     
  0.451394754275871     
 -0.399968992655589     
 -0.168551448103092     
 -4.518087666548647E-002
  4.686442895664863E-002
  8.752668145816864E-002
  6.360248623828491E-002
  0.958150547660024     
  0.683956220920870     
   1.06356614991335     
  0.186934241316342     
  0.131152167795370     
  0.193768193219736     
  0.303094399550531     
 -8.762805434794051E-002
 -0.306150623909110     
  0.320359778806609     
 -0.191774895328783     
 -0.557143456466630     
  0.288531895380284     
 -0.230835712369283     
  9.942868979345329E-002
 -0.487971254311039     
  0.243208448546661     
  0.482300321876566     
  0.323329086165906     
 -0.350239357344130     
  0.431669996382227     
  -1.73626058500656     
  -1.25887596272465     
  0.873409061774340     
 -0.499114359078271     
  0.250068129945370     
 -0.421855760604567     
  0.601794014645219     
  0.288469414426165     
  5.560323218822156E-002
 -0.426267719812447     
  9.728259261337852E-002
 -7.841311250360579E-002
  1.902042771402652E-002
 -0.356315568373323     
 -0.362520485422814     
  0.485785824767825     
 -0.158010992342151     
 -0.154991526500445     
 -0.103816622687945     
 -0.426768107285331     
  0.106167245824716     
 -0.323869956504433     
 -0.526206591876864     
 -0.566090034149572     
  0.502528006228853     
  0.235768143840097     
 -0.258148590614390     
   1.23689059186389     
  0.170820085378793     
  0.453446976089905     
 -6.723937927859827E-002
  3.624813302497286E-004
  0.206053200837606     
 -0.136303087922380     
 -0.381285513304457     
 -0.168378035529098     
 -0.111713874600024     
  0.574380944607720     
  0.177150321897913     
  0.326747500639106     
 -0.175778904539687     
 -0.619087339188857     
 -0.129316033007621     
   1.05535044376796     
   1.27429082572503     
 -0.314841697810225     
  0.123094978331731     
  9.061272657801023E-002
  0.759831666131375     
  -1.19981858387601     
  0.297160063220958     
 -0.133103554371242     
  0.680898837330085     
 -0.611710903149939     
  0.184053838320679     
  0.176072100242960     
  0.272503732117157     
 -2.973073444870179E-002
 -4.807525214099820E-002
 -0.246420082246146     
 -6.753344480323512E-003
 -0.265657303324101     
 -0.565725773502540     
  -1.00056520208407     
  -1.31125277762390     
   1.72345757872194     
 -0.535657083493946     
  4.576107475130455E-002
  0.166768009103474     
  0.794889266754228     
 -0.198323633143421     
 -0.127319654907650     
  -1.12724503316390     
  0.568246585061354     
 -0.277822835663308     
  7.174817821199801E-002
 -0.460302055054758     
  0.405133387697139     
 -0.392681713844508     
 -0.231888103438570     
 -0.279457909018069     
 -0.325073569833217     
 -0.364265002911690     
 -0.236807123792342     
  9.530131084777167E-002
 -0.289790339577429     
  0.166452781644219     
   3.92871481492609     
  0.358521145716105     
 -0.352617480597835     
   2.16723547665445     
  0.711959839036083     
 -6.589256085120116E-003
 -5.725324373936583E-002
 -0.386762376896771     
  0.110028162856537     
  0.365535483704107     
 -5.365553045692537E-002
  0.279704674285050     
 -0.241017784265525     
 -0.259175064863699     
  0.563939198965765     
 -4.371162691734241E-002
 -0.136547917576302     
  0.235146155247596     
 -6.688086722099865E-002
  0.936201371115444     
  1.160963934216489E-002
  -2.92007604655121     
  0.114840957323457     
 -0.442496266489165     
  0.697714241775246     
  -1.53542722521770     
   1.27861313927630     
  0.156057957917556     
 -9.711997727845688E-002
 -0.666998380210668     
 -0.366127116896122     
  0.475027493120324     
  0.345314934276382     
 -0.454816674248430     
  0.441946695113751     
 -0.280725782713181     
  0.159753355388599     
  0.504019373931019     
 -0.307200795501314     
 -0.714918350739049     
  -1.09117602629478     
   2.39451214992128     
 -0.774927604816191     
  3.879656213000379E-002
  0.497009186621388     
   1.38154860473512     
  7.917043525864174E-002
 -0.933154982097666     
  4.871694690839271E-002
  0.231126285557345     
  0.573720273870519     
 -0.162267209704309     
 -5.930545032686672E-002
 -2.878969373082338E-002
  6.031502082374554E-003
  7.533151582299520E-002
 -0.549759270054030     
 -4.974732232092832E-002
  0.389295895013370     
 -0.432126312679402     
  0.170943013455804     
  -1.39007584396419     
   1.95394807655326     
  -1.51120978651184     
  -2.23908905743567     
  0.539083241217631     
  -4.41873777486792     
  -4.82197123627052     
  0.362519328381287     
  0.275842814267762     
  0.396696029912563     
 -0.375379375093197     
  0.524012103808332     
  7.335401207325096E-002
  4.549780496486151E-003
 -0.195318036384014     
  0.239530320300298     
 -3.410463285786711E-002
  0.522318112981930     
 -0.125469814230530     
  0.148599816814382     
  -2.40835273882515     
  3.979887666398563E-003
  -4.07936642199915     
   2.17471462385198     
   1.29927507497021     
 -0.699159245717023     
   4.51583795259088     
   1.53922890875468     
   4.18006015896657     
 -0.137725749088703     
  0.144878149274094     
  0.577545294916990     
 -0.499823208098271     
  0.254953916911157     
  0.466469427968369     
 -0.406171294911476     
 -3.201006049853717E-002
  4.743099614009588E-003
  0.618649715973030     
 -0.214132571614162     
 -7.473098167411967E-003
   1.49364608229270     
   1.12493871142839     
   4.64590589561168     
  0.477937718278661     
 -0.864170499383816     
   2.50301548608390     
   2.66830666842926     
 -0.624044817466017     
  -3.65501149983502     
 -0.122925176011263     
  0.533016517362085     
 -0.643461401049930     
 -0.525104336629162     
 -0.265920563810429     
 -0.288163072709934     
  0.222598562651941     
 -0.419218210647056     
  0.475886215528594     
  0.376943715807594     
 -0.556231967842377     
  0.396876058552702     
 -0.584976644581148     
 -0.443730877979157     
 -0.812605566243129     
 -0.251529512905951     
  0.242237371837439     
 -0.278248632720097     
  0.435937384819940     
 -0.596880362664885     
  -1.34579322205605     
   1.47307584611781     
  1.348742619517258E-002
  0.103021458915260     
 -0.199852628168008     
  7.160478980923589E-002
  0.279210104474949     
  0.197340798952103     
  2.860450320082718E-002
  0.460899586398757     
  0.378245355542241     
 -6.694020199282248E-002
  0.256542902687847     
 -0.836072445335715     
 -0.496004114397686     
  0.224903405494483     
  0.196041949327064     
  0.461047998217475     
 -0.158810459617147     
  0.670917630900196     
 -5.571772839581493E-002
  -2.49705323483439     
  -2.26006780773567     
  0.383936872863455     
 -0.193579156242941     
 -0.287018697155807     
 -3.288191732455736E-002
  0.472324280891901     
 -0.388836226280415     
 -9.067603936882102E-002
  0.366109911243848     
  0.501588038851441     
 -1.896847927846928E-002
 -0.159911044115148     
  0.264588172782386     
  0.355205958778556     
   2.30105334293934     
  0.384213013781236     
  0.679883033345709     
 -0.448575401914315     
  0.802611723626898     
 -9.511832869080640E-003
   3.87614036096040     
 -0.625140255726707     
  0.428844879798275     
 -0.235926185022539     
  0.278232858436997     
  0.128689014178957     
 -0.326234496653354     
 -0.479810841616165     
 -0.126717143442078     
 -0.265613263755829     
 -0.194427954432972     
  0.247633023166023     
  0.256270129499381     
 -9.941426959627098E-002
  0.692276096657004     
  -1.30351021823602     
 -0.723287847047156     
  8.391874859075876E-002
 -0.147149846698397     
  5.630826093396393E-002
 -0.272210486286399     
 -8.501814254348358E-002
  0.221920383818545     
  0.616906638711877     
  7.996094321517701E-002
 -1.803672777064299E-002
  0.261675571097783     
  0.120638672207628     
 -3.376338063438299E-002
  0.208306870071592     
  0.453735158103529     
  0.214024696307282     
  0.444161689751719     
  6.124751671359175E-002
 -0.779406035838488     
  -1.14332094855154     
   2.16144781957313     
  0.189317468819163     
 -0.162805898257645     
  0.242824351780235     
 -0.229178620900778     
  5.716768704098017E-002
 -0.508084479825989     
 -0.672064472677818     
   1.29279771657594     
  0.361892747743696     
 -0.719637492149386     
 -0.373446753858179     
  0.296306418572712     
  0.325252113927014     
  0.170005798185680     
  6.229567422587615E-002
 -0.412386484214587     
  0.442153277692794     
  0.341819933692480     
  0.967881730120602     
  0.921006105532107     
  8.951731611693967E-002
  0.513359972747260     
  0.626199985868220     
 -0.817508730637331     
  3.802215653225426E-002
  2.056006841776849E-002
   2.21713779524587     
 -0.176587789695834     
 -0.455818623082258     
  0.177648300364427     
  0.289378090864083     
  0.397408626346505     
  0.488431103236803     
 -0.278797457557999     
  5.953784234438978E-002
  0.309109429703249     
 -0.520732581595419     
  5.311986277590187E-002
 -0.355967774330415     
 -0.729642175410819     
 -0.207352283098713     
  0.249973569659527     
 -0.152989883955230     
  0.165375751385718     
 -0.205858052227605     
 -5.523326973402140E-002
 -1.410322835603111E-003
  5.597153059701408E-003
  0.377214385071977     
  0.216235311643451     
  0.631674000570182     
 -8.868936909762812E-002
 -0.529872730628007     
  8.661628700556814E-002
  0.331210095478362     
 -0.158968073418647     
  0.234870094537461     
  0.455900923436606     
 -0.333915119795679     
 -0.526583016010440     
  2.436155034461505E-002
  0.144181366051778     
  0.926642024963018     
  0.784698330101919     
 -0.140686506304440     
 -0.383071205216091     
 -0.352146396275289     
 -0.264811423534755     
  0.338096897120021     
  -1.62986975774986     
  0.393735109295584     
  0.533830541491813     
 -0.299991457433744     
  0.388609895912866     
  0.320498401132402     
  0.446247386440820     
  0.527497887456642     
  0.166925705359111     
  0.358521725213515     
  0.134320016497840     
 -0.211788626550149     
  0.526990618310491     
 -1.910613361482264E-002
  0.165117387357772     
  0.213766927669718     
  0.507852257327202     
 -0.623788408702802     
  2.462162612901566E-002
  3.248334045546918E-002
  0.643528819810607     
  0.340158038236067     
 -1.394251171906489E-002
 -0.471766682370690     
 -0.185629891396529     
  0.276682020161839     
  6.433590345570429E-002
  0.464904871168832     
 -0.354382518434827     
  0.322798372111228     
 -0.525175430663537     
 -0.316596357233769     
 -0.175081248163719     
 -7.814343068833879E-002
  7.903481863429887E-002
 -1.312779758140101E-002
  0.153127002481855     
 -0.281510579991408     
 -0.263634155269517     
 -0.116896592893607     
  0.373161419205649     
 -0.422868749619681     
 -9.175495072943828E-002
  0.641670957960884     
  0.378028156380632     
 -5.537178056579036E-002
 -5.186796090920881E-002
  0.371545766286089     
  0.278953670306629     
  0.349900018324692     
 -0.200049410986488     
 -0.401386446803710     
  8.100587186073797E-002
  0.209802538406864     
 -4.136111743238815E-003
  0.239507378824221     
 -3.406609031190866E-003
  0.922113032132080     
 -0.467223744866854     
 -6.373352906564876E-002
 -0.595691131256435     
 -9.873172372437443E-003
  6.150032753579284E-002
 -0.901364577673082     
 -0.116191459607556     
  0.335671641235601     
  4.204359738612996E-003
  0.535291436515846     
  0.401603541519563     
 -0.161470561794232     
 -0.217835090807489     
 -0.149228816075112     
  0.145103192087383     
  0.114432915378702     
 -0.232537685955673     
 -0.423346914967209     
  0.518127492934938     
  0.377042668734854     
  0.414137924411402     
 -7.456791457765334E-002
  9.754179890481329E-002
 -4.363097270109133E-002
  0.337331772349373     
  7.309685259042248E-003
  3.651861224670512E-002
 -0.237504781065211     
 -0.620562403506439     
 -0.457509967352894     
 -5.777418628791309E-002
 -0.177512725009973     
 -0.318337953412274     
  0.380389940638613     
  0.111905199328106     
  0.308915145336156     
  5.173241157391812E-002
 -0.517634932880780     
 -0.271153726375015     
  0.268977140700116     
 -0.534056535614093     
  0.614144659947142     
 -0.167819755048286     
 -0.481913638395657     
 -0.253677882144470     
  5.779809133115289E-002
  0.317087224819448     
 -0.165527754736504     
  0.339833305632379     
  5.061932689978892E-002
  0.156795363456332     
 -0.184818546784234     
  0.538449774404827     
  0.400811359143982     
 -0.411560660861770     
 -0.290199425989459     
 -0.461117382603888     
  0.332261337832646     
  0.371196793107818     
  0.550678595421791     
  0.199708639952717     
  0.919227025306852     
  0.158827159052989     
 -8.746578870232177E-002
 -8.774172955962130E-002
 -6.416849462206914E-002
  0.153562643236819     
  0.159373867387143     
  9.908673914172493E-003
  0.315740890808521     
 -4.881933669521833E-002
 -0.156147185132796     
 -0.399261374955763     
 -0.504867394264842     
 -0.138747765219353     
  8.634638834683289E-002
  0.304138666182414     
  0.391794746064543     
 -0.168283495213888     
 -0.440182939879475     
 -0.186170663744250     
 -0.112959572061014     
  0.390341541826753     
 -0.439523914309566     
 -5.646985080275393E-002
 -0.446607633952546     
  0.325328056505189     
  5.765841873010542E-002
  0.341600906242907     
  3.798887393729781E-003
   1.03257484875074     
 -0.177789537826800     
 -8.446986854353158E-002
  0.515168997740752     
  0.201068050832805     
 -5.534555182401477E-002
  0.307930219640275     
  0.427352898514145     
  0.353940383852892     
  6.060834834642623E-002
 -0.436079864049026     
 -0.205541182019120     
  1.596645901133649E-003
 -8.321304661715900E-002
  0.525396548348257     
  0.147289239528019     
  5.680453597735524E-002
 -8.299816122507291E-002
 -9.247484998886808E-002
 -0.332197738459772     
  7.473336934105324E-002
  0.533171183073159     
  0.729846141215058     
 -0.415522311681192     
 -2.796265954502095E-002
 -0.193905298249186     
  0.300702340526244     
  0.210283391660796     
  9.108281302368472E-002
  0.292377631831069     
 -0.277812023869753     
  6.201563694056390E-002
 -0.191166375896293     
  0.100200070142429     
  0.142049790320766     
  0.468034529129608     
  0.334888871204205     
  9.428006148309420E-002
 -0.111875052600021     
  3.657832494035793E-002
  0.553811560779404     
 -0.266915497458000     
  6.868248616686057E-002
  0.565322826057931     
  6.733436856781543E-002
 -1.513538642383526E-002
  0.460932739679888     
 -0.413054082942911     
 -0.434116827156442     
 -0.325581154836180     
 -1.984059837934581E-002
  0.537639979738383     
 -0.467930690993767     
 -0.761414381171254     
 -0.754983677777597     
  0.391253696614476     
  0.164570567899055     
  0.314819282679867     
 -0.159526347919319     
  9.477821055342213E-002
  0.394654026733294     
  0.358272616961150     
 -0.289836352081362     
  0.289115183576079     
 -0.507475231752672     
 -0.148948797587009     
  0.115683641502345     
 -0.198020100874517     
 -0.116257117615558     
  4.510803516844780E-002
 -0.325185938913374     
 -0.413203585619850     
 -0.570422047548651     
  8.445562286817202E-003
  0.308097211965939     
 -0.124361827342934     
  0.482564711875175     
  0.271294235185252     
  4.572218188165812E-002
  9.397895309311143E-002
 -0.259170076739398     
  5.741850419264190E-002
 -0.659769663049937     
 -0.597952554616053     
  0.488899032825991     
 -0.181851865688814     
  3.966473197928185E-002
  0.406792051976924     
 -2.148818275895838E-002
  6.827606215850274E-003
 -0.186659688659295     
  0.421017280345111     
  0.515121814078226     
  0.267914361417993     
 -0.132635657722935     
  0.105964757390457     
  5.077162654125953E-002
  0.273489436287862     
  0.367806502800128     
  0.130929427915345     
 -0.477950470850431     
 -0.313839262080665     
  0.548038408972309     
 -0.146653725555582     
  0.641059884493725     
  0.440619233098553     
  0.196798267044785     
 -0.763634917679820     
  0.151674918323506     
  0.102909490223856     
  0.281143477895214     
 -6.550663047452368E-002
 -0.245996460586463     
 -0.374591201976925     
 -0.265569253770534     
 -0.343493322726401     
 -6.411544729426434E-002
 -9.903396473420477E-002
  0.415050613688916     
 -0.633328745780350     
  0.112736243770025     
  7.701513257648929E-002
 -3.156167507732367E-002
  0.332704058202097     
 -0.432282439071669     
 -0.572777978704445     
  0.633526925914243     
 -0.567449534461725     
  0.327086917451355     
  0.576208958700928     
 -0.385601646630862     
 -0.241215284173529     
  0.381175712624672     
  0.525969776302017     
 -0.234579996962378     
 -0.164981628946529     
  7.660228935496786E-002
  0.199087914368750     
 -0.253229978737373     
  0.340652822918203     
  0.398391707530897     
  0.231315998726769     
 -0.183927307330709     
  0.173167188750921     
  0.455238878824208     
  5.625841712794229E-002
 -0.379378986229652     
  0.502370569390712     
  0.732366790152190     
  0.421518934938288     
  0.126130242514607     
  0.317896372122345     
  0.323154118756945     
 -0.144728187824608     
 -0.412164300520340     
  2.642498630970973E-002
 -0.563953599086562     
 -0.205675069849333     
  0.304674934266438     
  0.223817633178931     
 -0.468111773538173     
  0.529551632292043     
 -0.117157239090820     
  7.863178374709189E-003
 -0.107316108367961     
  0.472771219978316     
  0.367335561043529     
 -0.182256403527537     
  0.573646925442047     
 -2.554324769544724E-002
 -0.666999226849294     
  1.986994323055710E-002
  0.509705060393850     
  0.231688876049979     
 -0.400201057301306     
  8.325252656924129E-002
 -0.458577770360410     
  0.441613213432469     
  0.104629725259970     
  2.425468361887580E-002
 -0.120331332014077     
 -0.349376792165610     
 -0.716195833163848     
 -0.155841576611223     
 -0.167927127511614     
 -0.356825703340619     
  0.705994946752331     
  0.639880221555218     
  0.182615956194967     
  0.369160903966122     
 -0.253398816709239     
 -2.612418222585478E-002
  0.523164835525118     
  0.213141934719718     
 -0.419406497529513     
  0.172327702989815     
 -0.227113275116655     
  0.380103590686464     
  8.042582145925113E-002
  0.150462360165195     
 -0.104471638434084     
 -0.121150125480362     
  1.223793511722014E-002
  0.235323780754952     
 -0.110175699251888     
  0.515809816861015     
 -0.168217295720737     
 -0.171371467891574     
 -0.155938266768904     
 -0.148328737929972     
 -0.441248487998273     
 -5.334647966078702E-002
  0.361608755100359     
  0.325686004634812     
 -0.621653600509616     
  0.298345837133974     
 -0.275893609695090     
 -4.750827395209033E-002
 -0.270180526098916     
 -0.292843988796291     
  0.482189857549921     
  0.379109578294834     
 -0.298880305171735     
  0.350398543074009     
  0.515255750600963     
 -0.281862337595401     
  3.907927798646693E-002
 -0.245272162419666     
 -0.117840583298354     
  0.168813076672738     
 -1.098184489607854E-002
  0.327762093505803     
  0.451811851565644     
  0.269208502309482     
 -8.574680050657554E-002
  0.295126823484147     
 -0.434826475142411     
  0.453652935810372     
 -0.222641442849305     
 -0.481843518537283     
  1.168070233024417E-003
  0.432862405692313     
 -8.701125080423201E-002
 -0.279601697752003     
  0.136390617951018     
 -0.245405706599747     
 -0.173239899073734     
  0.159510984097590     
  5.664271410858258E-002
  0.222327205061097     
  0.140738933745633     
 -0.113014540147730     
  2.491711169036888E-002
  3.513473797016017E-002
  0.118066574779150     
 -0.175088094049284     
 -0.607675145123916     
 -0.105202346741184     
  0.376965519205635     
  0.323213875032140     
  6.964754668765280E-002
 -0.207398059882955     
  0.400448448210212     
  9.680070622196055E-002
 -6.815284715185492E-002
 -4.012069327290979E-002
  0.270057371174729     
 -0.308962482761070     
  0.107315639251652     
 -0.563053590110713     
  0.187105532017948     
 -0.830437133442480     
  0.805925600967476     
 -0.428704159224836     
 -0.207921777390954     
 -0.345119520479533     
  0.369553091976467     
 -0.492148347256872     
 -0.111332384008982     
  0.484035545630799     
  0.523603810695516     
 -0.369185782433176     
  0.318364791873093     
  0.517585217037601     
  0.362703879405954     
 -0.323700131935160     
 -0.525541755210742     
  0.760858620023103     
  5.282764683668476E-002
  0.148581743892566     
 -0.304002765103230     
  5.425712194952183E-002
  0.715460662539024     
 -0.816184311370165     
  0.187379500359743     
  0.397064979141455     
 -0.261471705831369     
  9.256563890634149E-002
 -0.263887345125851     
  0.553644117676081     
  0.497787746492088     
 -0.171032626908339     
  6.877665163806862E-002
  0.558246118335498     
  0.334354464872609     
 -0.644112879941741     
 -0.169330611038270     
  0.948087453617085     
 -0.561069537717278     
 -9.483326362158981E-002
  0.364071804769160     
  0.291959333566537     
  0.813255103126488     
  0.254205095409467     
 -0.530411723681201     
  0.640467678309676     
 -8.613382201679137E-002
 -0.109638246008677     
 -0.356610756144396     
  0.382198396930297     
  5.641501458347239E-002
  0.127513581284041     
  0.335395444271484     
 -0.753838391127569     
 -0.578688210231872     
  0.349888808212342     
   1.44678097687189     
 -0.272757180931803     
  -4.03749506652078     
 -0.158663432794806     
  -6.44599191593071     
   3.51149533918868     
  -3.02842667286192     
   2.02309885193093     
  -1.14913571989270     
   1.69023113935346     
  -1.50717707606240     
 -0.974850067457771     
  0.972946703085806     
 -0.523270090681769     
 -0.119535883610843     
  0.223160678234545     
  0.164789368453561     
 -0.384751419658149     
  0.482947502785505     
 -0.100828349659133     
  0.378127192928450     
  0.184171371114069     
  0.368576981257484     
 -0.326240951170595     
 -0.131579301418040     
 -0.453134397022674     
  0.170212694339734     
 -0.234910538746340     
 -0.141291940397866     
  0.306537381460958     
 -2.582581521616023E-002
 -5.423884330454881E-002
  0.407983829638464     
 -1.532048291285038E-002
 -0.491113546565104     
 -0.145372679150440     
 -0.278440859614977     
  0.244583405131123     
 -0.286337014967933     
 -0.466103545918817     
  0.197720699963903     
  9.215375533993986E-002
 -0.171537408927988     
 -2.906734387798110E-002
  0.465387298343983     
 -0.235193190017170     
  0.108188001757560     
  0.316050148843248     
 -0.144739652695787     
  0.360835061765924     
 -0.444685720133036     
  0.167129410417214     
 -5.566497426159056E-002
  0.439000119382046     
  0.275476764489414     
 -6.163081276102866E-002
  0.171149479093767     
 -0.490368700868810     
