 -3.093869928985280E-002 -0.190866078953178     
  0.447926103653668      -0.314168027164696     
  9.182211066190205E-002 -0.286965772549133     
 -0.295485039768919      -0.267212805266180     
  0.413140021352906      -0.162711921418015     
  8.026570459779345E-002  0.231774806571638     
 -0.333275251045021       0.138794849003797     
 -0.266479185529068       6.128384184084621E-002
 -0.203229308069328      -0.338510397323193     
 -9.104816200298203E-002  0.271050104861659     
  0.197399387782701      -0.212868727119810     
  0.175659912828289      -0.100941127109854     
  6.682846766536273E-002 -0.256767220987145     
 -0.277989447179106      -0.116979861566926     
 -0.384731230475611       0.134234657682341     
  0.523714113467172      -0.511805136408395     
 -0.217503367908293      -8.749228678356014E-002
  0.283597378691856      -0.542475591917552     
  0.416259262931595       0.180624660871866     
 -1.915830996853675E-002 -7.082784795087127E-002
 -0.127770662261294      -0.420793018821025     
 -0.184557316862910      -0.274374183024606     
 -0.281423958431027      -0.460607884931561     
 -8.938595249021601E-002  0.108620387449118     
  0.154748138757259       0.467620296825797     
 -7.060980309008891E-002  0.162297099274723     
 -6.867658088419300E-002 -0.277444416357793     
  0.277410932500513       0.270461673885046     
  3.013707360902474E-002 -2.144162596100967E-002
 -0.250621239092356       0.540634618787720     
 -0.262469239988188       7.668917122442806E-002
  0.556398923426940      -0.415891584545239     
 -0.401264926454064      -0.129272157761200     
 -0.381032382793144       0.230321014956232     
  8.794874921045412E-002 -0.207626192440780     
 -0.116371954521867      -3.383988546853555E-003
 -0.434498150036306       0.507507968140045     
 -0.288852904976692       0.753298608508556     
  0.219428155503071      -0.303236969870229     
  0.735734075111547      -0.645460260860361     
 -0.264864010017651      -0.244432033047676     
 -0.147599458859271       0.147283962426924     
 -0.229923716538975      -0.163058178899500     
 -0.313036419773519      -0.112733081617311     
  0.237280134507592       1.758337154919824E-002
 -0.324836756233233       1.982229451498608E-002
  0.169044429759575      -0.251221043203705     
  8.318175734822702E-003  2.388402339544518E-002
 -0.343371444946635       0.532495472635096     
   2.98712693849688       -2.91997446085838     
 -0.997569609379987        1.04246702833759     
 -0.616607179928678       0.638390489794521     
 -0.142778305905722       8.546994129325158E-002
  -2.62642802295343        2.54933140296401     
  -1.57729921326294        1.50325899042920     
 -0.242213820100276       0.465945520548117     
 -0.194079661368783       0.377418700849189     
 -7.604350799489000E-002  1.780597932532834E-002
  0.186428811788635      -0.208724802004224     
 -0.145049644735883       0.394742528321407     
 -0.555720645827816       0.564162684600330     
 -4.897445743103745E-002 -0.366900248551441     
 -0.143145142510988      -0.191235615220627     
  2.066056947288305E-002  0.298923045290685     
  9.292284063939002E-002  1.080895920157851E-002
  0.235543303882050       0.130223760042386     
  2.007680261970294E-004 -0.128086993352168     
  0.388719515276675       8.049328695248185E-002
 -0.324800820469356       0.510712669304983     
 -0.323102639238482       0.347018086873621     
 -0.322013590440896      -5.233155441161921E-002
  0.364996650425556      -0.447620046425351     
 -0.287643875751645       0.243606065339038     
 -0.183096134720331       0.508057545218000     
  0.110075403825226      -0.301113224219430     
 -0.222061417204059      -3.511678713051399E-002
  0.168738475136846       0.257221907740502     
  0.275140808166763      -0.317715587472848     
  0.112781366562141      -0.239522473949238     
  7.922002431691916E-002  0.246964894611437     
 -7.995947763859564E-003  0.290359765280890     
 -0.205830675832189       9.044217943278018E-002
  0.451457307285004      -0.480119221641481     
 -0.146509641971631      -0.116799016897852     
 -0.300246861604947       0.319518287094686     
  0.256335505789887      -0.485225724163808     
  2.520504024774243E-002  2.449407229272856E-002
 -0.272027103806518      -2.437848532002197E-002
  0.510363066065829      -0.288875844849174     
 -0.395514717539555      -0.180478918230253     
 -0.163984725158371       0.287480374668604     
  0.232758101494238       1.226726346108594E-002
 -3.359584236530859E-003 -0.339958528410253     
  0.399494298286106      -0.443650935434262     
 -0.478918724018634       0.339067161338518     
  0.180958525203540      -6.131173151001817E-002
 -7.948460712197318E-003  4.955388247551649E-002
  0.311568668808145      -0.237805548824886     
 -0.494106998574503      -3.034326452527240E-003
  0.413351577407864      -0.577043405096385     
 -0.235377393493724      -4.176449630851517E-002
  0.228253088869117      -0.188266058554107     
