 -0.293132033689921      -5.169216997935159E-003
  0.319088912957699       0.220079127007459     
 -9.413869392037143E-002  0.255910219826377     
 -0.163682755503052       0.219664143244532     
 -0.399486337055617      -0.412238539784425     
 -0.644593950089607       3.496112087076480E-002
  1.260038204235963E-002  0.322270976630414     
 -0.140656922880583      -5.838973830613677E-002
  0.307729314041980      -3.695635613419182E-002
 -0.115120559738434      -0.246560261772160     
 -0.193334883716913      -0.120571306842456     
  0.488587553547949       0.426496710021227     
  0.474460085880947       0.148640592596473     
 -0.250821516605465       0.248583684454377     
  0.117341693372026       0.449315751090668     
  0.125044970574147      -8.489627518693253E-002
 -4.435907534511101E-002 -4.706091668926982E-002
 -0.239395942343447      -0.141204557179774     
 -0.229185770988979      -9.603413009914386E-002
  0.120245661171104      -6.476033151817226E-002
 -8.832749840775178E-003  0.164767898570693     
 -0.124185633240309       6.615365429690488E-002
  1.393288956055506E-002  0.381509343176894     
 -0.143115905047471      -0.243265003496979     
  0.232462480217108       2.078147545668776E-002
 -0.695296097962044      -0.571290608174639     
  1.692409946197118E-002 -0.413442613208795     
  0.457303300106245       0.348143817405524     
 -0.437650394305343      -0.156608078572151     
 -8.723416984174215E-002 -0.178605376076280     
 -0.301680306561229       0.278826534916099     
 -0.232562844519867      -0.267055724800994     
 -4.640343804043123E-002  0.216229257151619     
  2.096574027806134E-002 -0.225187481292212     
 -0.173339289989821      -0.106497280415821     
  0.422768481921062       0.327998095373605     
 -5.409403263659947E-002 -0.184796340231958     
  0.224730369430879       0.289770013026420     
 -0.632787509031296      -0.608712103334217     
 -0.113153718849802      -0.117196801613898     
  0.130784169475765       2.766277293690558E-002
  0.109053064083075       0.206588251079119     
 -0.563233775440927      -0.563651584997324     
  -1.04012295526324       -1.02985284088640     
  0.313571656522251       0.356625813507224     
  -1.04703497308184       -1.04926574913020     
 -0.181368636506903      -0.226254174814123     
  -3.02254155259768       -3.01480198142683     
  -3.14502341952531       -3.13817496050904     
 -0.419750168097423      -0.413387157329289     
  0.483913723726941       0.495125591634925     
  0.252118665606967       0.212721071633186     
  0.111445101212061       0.149401461480428     
  0.398982710981276       0.426257427196077     
  0.960753504296418       0.971839804210407     
 -0.507849332360097      -0.521733766843249     
  0.221245604978966       0.206953577397732     
  1.556336726875411E-002 -0.138245749273944     
 -0.573393233615578      -0.578824495870983     
  0.376510588520274       0.377872705987951     
  0.258931678791676       0.267455761810296     
 -0.145317049268935      -0.184208581500893     
 -0.268626124199786      -0.458375393442093     
 -3.404604922778672E-002  0.262100000741031     
 -0.103384455047296      -0.266719678767050     
 -0.604941867154317      -0.643131804606660     
  5.083379378474718E-003  0.189166340930682     
 -6.154174930232269E-002 -0.310410726228464     
 -0.371072688446997      -0.528672331698702     
 -7.193842140513326E-002 -0.304692887656605     
 -0.491365083284445      -0.273123059250471     
 -6.369221534537946E-003  4.399122477754371E-002
  0.168039523706350       0.360859364213165     
 -0.499593617709177       9.752338754981138E-002
  0.533172926697664       1.515314118796812E-002
  7.399958255180919E-002 -0.194655551089301     
  0.473558398571050       0.260688012801439     
  0.199409773980675       0.305262486390428     
  0.130226211634071      -0.153641057927552     
  0.240720177962084      -0.153102869720106     
  9.641349421611776E-002  0.160018898464106     
 -0.313532097138989       6.934841900682116E-002
  0.224026507705440       0.131632215661103     
 -0.334365239251602       0.133580251257457     
  0.120517570759752      -5.751328865128474E-002
 -0.475902326851137       0.287056539972946     
  0.260228458718553       0.294046228172391     
  0.135852451564325      -0.286826482007569     
 -0.163344332926292      -0.179630956042673     
  0.571363713457099       0.355932290834547     
 -0.373927510382882       0.147543612078234     
  0.440351810749625      -4.335628007877209E-002
 -8.878478766299731E-002  2.799150636926575E-002
  0.459124769288709      -1.029375452136400E-003
  0.355945959555413       9.058953046996450E-002
  3.628864982120142E-003  0.326382322099452     
 -0.385749666986451       7.444945425918342E-002
 -7.981220819204615E-002  0.255791649860571     
  2.908926508416186E-002  5.059359114256658E-002
 -0.271429618103918      -0.327218223841566     
  0.163907638405056       0.107815817205812     
 -0.150090498535855      -0.225095257807508     
