 -0.261534352318556     
 -0.177425961516682     
 -2.206572314334830E-002
  0.413279884596183     
  0.275315035300832     
  0.499532713561816     
  0.881118549268424     
   1.03586081552222     
 -0.398225513969858     
 -0.147952656243734     
 -0.867308470381340     
 -0.525920934796900     
  -1.47248926496093     
   1.34856289608944     
 -0.183775613342940     
 -0.629240283129064     
   1.49364984842848     
 -0.628406777705564     
   1.27068835521755     
  6.682246639245379E-002
   1.24127622675844     
  -1.40005341737906     
  0.703006863333954     
  -1.04124117976268     
  9.105056212125218E-002
   2.41303576914681     
  -1.47494322158191     
  0.306147246423677     
 -0.192549795802086     
 -0.371411697464435     
   1.10587409087346     
 -0.412771633916311     
 -0.202968848268993     
  -1.75210839480038     
 -0.882965178274204     
  0.884172656528790     
  0.777175866689473     
 -0.114401472518898     
 -0.238477911620924     
  0.837867451860064     
 -0.422694513048179     
   1.59040270322999     
  -1.89339641386860     
 -9.098041157438637E-002
 -0.128568199524297     
  9.787944255669320E-002
  0.442550533052078     
   4.21002465054871     
 -0.144490597656685     
 -0.209454928240601     
  -3.38757078000987     
  -1.06442819696011     
   2.01945614501365     
   1.82157449831224     
 -0.146489094124672     
  0.342714011320191     
   2.03721535752370     
 -0.327915393204709     
  0.492462853742576     
  0.761637753709565     
 -0.156658648703314     
 -0.221207763796603     
   1.22993853255165     
  -1.67023625196376     
  0.275072075906764     
  -1.47834208680857     
  0.984221637703933     
 -0.442177534088437     
  0.239716377128805     
   1.90586708197900     
   1.78854936880996     
   1.05320495659916     
 -0.562194153526670     
  0.590551063973663     
   1.31521028746289     
 -0.401097991680750     
  0.368737886408854     
  0.526850791584673     
 -0.548933382738546     
  0.956199164628252     
 -0.302426647668348     
 -0.485163171686178     
  7.465568839045436E-003
  0.437060134928250     
  0.877583928704684     
  0.997908802469425     
 -0.501391057270214     
  0.586527266361686     
  0.228423828547099     
  0.987179591855105     
 -0.155745244250758     
 -0.649593936350955     
  0.742223756498243     
 -0.476630087938557     
 -8.655664867042975E-002
 -0.251773745703688     
  0.515668404668627     
 -0.313845169434444     
 -0.327713815161593     
  0.164116292422924     
  0.682655266693334     
  -3.16583958684782     
