  0.440774574970500      -0.409214188459665      -0.515723104353524     
  0.501745881464688       0.103391385179069      -0.151396224313410     
 -0.452990813360646       0.489585203022045       0.224168967873766     
 -0.297092456455093       0.433092872448268      -0.571859320455966     
  0.463829292322638       0.400639327812598      -0.268905192252021     
  0.392928839281724      -7.979168682690445E-002 -0.437271753097961     
 -6.179084198849190E-002  0.169485833315497       0.143984813455411     
 -0.410682209575403      -4.993957398834072E-002 -0.106048802530293     
 -2.026669148327840E-003 -0.501629086600818      -0.566838119293306     
  0.172836685802536       0.708141067893083       0.448237703410924     
 -0.242525970121587      -0.523273226308950       0.589899625088189     
 -0.233133114337243      -0.154000513911418      -0.222485479128270     
  2.056037174623689E-002 -0.344614123762312      -0.180692751094992     
 -0.352388692618886      -0.351257926200716      -0.117412263217443     
 -0.298108574028898       9.797115530616544E-002 -7.284370886945876E-002
  0.134556643809066      -0.485343313337870       0.274145294633796     
  0.154329784431009       0.113372023338475       0.549053097558958     
 -0.654055203595284      -0.200697404817944      -0.396583705897045     
 -0.364392755194502      -0.588111459220917       8.239963316909609E-003
  0.220519554788900      -0.292560755704137      -2.567732589758853E-002
 -0.414640210587948      -1.746399436755154E-002 -0.299864360858540     
  0.109291054818603      -2.751645039089458E-002  0.581361753562467     
 -3.120862595496691E-002  0.279729569096845      -0.363533415678480     
 -0.328007998685275      -9.466537775300286E-002 -0.370226495923445     
 -0.127425543341856       0.137799372514340      -0.557545779377854     
 -0.246169803096135      -0.237218041120313      -0.578256517361125     
 -4.771285129562881E-002 -0.247040147343853       0.423790484125838     
 -0.308772057510879       0.365816090115386      -0.204506388333637     
 -0.289034220060503      -0.505516879750829      -0.465433195395114     
 -0.783126402431619       5.205072717527250E-002 -0.120831856982244     
  0.483894741132094        1.00750705519282       0.126645368542759     
  0.589712015493269       0.762872962921776      -1.567240071943129E-002
  0.439843328607500       0.623753766923793      -0.706573584147749     
  0.296557130060664      -0.689988846324263       0.202169697947693     
  0.293336156575968       0.338020230595324       0.427124116108213     
  0.376105392472536       1.108329794560869E-003  0.788150490806070     
  2.417317627239188E-003  0.399221854319684       0.168826751850626     
 -8.650594515799595E-002 -0.408491669971870       7.866626299906045E-002
   1.03347002873165        1.39250448811483       0.520044173418796     
  0.515977104388628      -0.466634511226048       0.447222890456876     
 -0.426828569247307       -1.49652144326562      -0.132513307668079     
  0.399912304064185      -0.780214867744885      -0.489468526032859     
 -0.795713046045103       2.262717941039985E-002   1.01351748598230     
   1.26252976780205      -0.978015075051289       0.589129164194813     
  -1.72810642859842       0.523579331759972       -1.34521258591823     
  0.136962236327124       0.821950227090734       -1.27299500442471     
  -1.38748986629368       -2.57238125506715        2.35798123927071     
  -1.50523478791773       0.669196027191008       -1.53615917026746     
   3.22842874287401       -3.80465071018457       -2.70137396096664     
  -2.19828216601092       -3.66636131759540        3.26068046063144     
   1.28912772697206       0.486273203547053      -0.494020057371711     
 -0.536227371199885      -1.390218729258760E-002  0.392016095696928     
  0.449057867449469       -1.51010655457346      -0.141957654063870     
   1.52807141543861       -3.24308843600601        4.29787034015394     
   1.74455043808316      -0.452670411116397       -1.87069594704652     
   1.77431308595868       -2.41282629016985        2.10520962050979     
   1.79509632484258        2.36517254166217        2.08085467221346     
  -1.31064892688702        1.18122242958607      -0.834141840245611     
   1.36042730405060      -0.500835613442435       6.143872244506028E-002
  0.195966044115465       0.993128347862432      -0.954536787840311     
 -0.638092507494971       0.598159398388673      -0.911980804434592     
  0.170585386960544      -0.316243092311216      -0.607038484772939     
  0.195960221571986       0.392362023966756       0.213696564405656     
 -0.943901592051028       0.592113561733000       0.783871879292693     
 -0.693765297813332       0.252606124194975       0.502270973536671     
  5.293301323486633E-002 -0.302531775754394      -0.759094747035166     
 -0.414047667988990       0.406078990942891      -0.318996700129575     
  0.439795617638055      -0.256053823271768      -0.558829162096458     
  0.721909728946694       0.337458013060892       0.697107121902850     
  0.361402867680949      -0.210795400112415       0.633476879689812     
  0.491369817703628       0.132055302223715       3.651126616100730E-002
 -0.237360575558944      -0.649214068521932       0.281780871536123     
 -0.233150780973077       0.842198192542706      -0.569438738553205     
 -0.330595339000053      -0.262638339181671      -0.101179493838748     
 -0.182581768252663       0.149847293281169       8.377743901558062E-002
  0.426749593116824      -0.329921558303149      -0.137771708218684     
  7.944024216452249E-002  0.398070266730681      -0.322432891648603     
  0.147734932933246       0.569562932312082       0.294603216310584     
  6.674080833045042E-002  0.276015330462117      -0.249848391681398     
  0.273387444753703      -0.324894535558542      -0.160160768513754     
 -0.523399271644310       0.358804868263425      -0.136988089462597     
  0.309307988597115      -6.041616305328732E-002  0.692433545494930     
 -0.155889900082872       0.423988162599988      -0.132282526513700     
  0.196914839387315       0.553842059476098      -0.256612835451240     
  0.719490496730560       7.631443959863525E-002  5.822108296806444E-002
  1.104837591777441E-002 -0.197700072240285      -0.228402215590751     
 -0.240468233106017      -0.232178232251248      -0.100979194176798     
  0.204919829063354       8.908454279768782E-002  0.106183354510694     
 -0.556692071642481       0.323464810701092      -0.225438083389573     
  0.272200634478331      -9.619845547240934E-002  0.219551652204964     
 -0.459521724262343       0.382885443931788       0.183782541968044     
 -0.450015498194154       0.455379513184828      -0.218944237660046     
 -0.436659174422953      -0.404994779818546       0.287022854652123     
  0.236129178821410      -0.215918742237245      -9.477497928900053E-002
  4.810232920385519E-002  0.605148757209316      -0.287897790303677     
 -0.297725141714431      -0.218398528990843       0.449161929313456     
  0.498833720641123       1.427545358080999E-002  0.534644240964889     
 -0.564143280888945      -0.375932659811517      -0.434725750766315     
 -0.430085822822703      -0.438723555051757       1.965904528729221E-004
 -0.143757651045584      -0.573526889369640       4.267552916019910E-002
  3.910826062823803E-002 -0.115727124446379      -0.276019990906471     
  -3.93462951343089       -3.23680128117543       -2.63867040890757     
