 -0.357466891477486      -2.351662278390028E-003  0.300276993650912     
  5.926093166293922E-003 -0.158569235420805      -0.145035963406897     
 -0.503155975864268      -0.309744465529616       0.457601716908220     
 -8.964087554039055E-002 -0.143122375940095      -0.224836258519020     
 -0.515512652805058       0.268675992532815      -0.421843719752318     
 -0.554176724547325      -0.362380524366212       0.263017086759815     
 -0.495066909729738      -0.483162269496192       6.098187540268414E-002
 -0.109564641070541       0.170210379909525       0.172307809677194     
 -0.111764593924742       0.696006003953117       0.439808371712717     
  5.026225735751933E-002 -0.131619345947483       0.192403260528736     
 -0.288120288307854      -0.102468040559680       0.351091721060407     
  0.332626724592880      -3.002851107290480E-002 -0.193679613885201     
  0.386723369635630      -5.278725606987430E-002  8.844560498707901E-002
  0.166746855651563       0.474692161444628      -0.562204273629993     
 -0.508210040329254      -0.444190596438945      -0.512444820327571     
  3.710222462586112E-002 -0.223208841358716       0.307855913342249     
 -0.357873567281433      -0.356734514345100       0.378362423222246     
 -0.232862424521748      -0.182755337990011      -0.162099370392409     
 -0.140300993606224       0.331384729555753      -0.427045316699354     
 -0.529740716999307       8.300382099064339E-002 -0.565503924547594     
 -8.607803856461117E-002  0.520395972855495      -0.172197121601117     
 -0.132142396092633      -0.428407810691495      -7.879989757214267E-002
  1.596820636061903E-002 -0.689016768118919      -0.490504292558355     
  0.144438998753540       0.455872739982380       0.108455164727545     
  4.945823993167493E-002  0.562552896868520       0.268151687020492     
  4.477543837740790E-002 -0.932200882591207       0.314700774919633     
  9.210893815174837E-002  0.185477382715070      -0.385983817065750     
 -0.614729990462442      -0.283558812228296      -0.368325235884342     
 -0.247180490541655       0.221312102564104       0.313035166603406     
  0.816542417785320      -0.187906354251858       0.316931741406453     
  5.049068197114377E-002 -0.328262259150173      -7.385137988746426E-002
 -0.419641382957774      -0.261613909846688       0.349197316269365     
  5.080671959075274E-002 -0.863600101279996       0.485532926956127     
 -0.665296889754159      -0.602120503538641       0.500618073451324     
  0.623064861661882       9.944505181316762E-002  0.358591931532729     
 -4.389218188981813E-002 -0.354964471421280       4.350365619998896E-002
 -7.269802951843073E-002  0.924737196769314      -0.814143782058246     
 -0.436801913236007        1.19542348534989       4.056310123121003E-002
  0.283788177332310      -0.642806429008812       0.791413876606435     
 -0.593053586365169      -0.419333248063023      -0.635245871376172     
 -0.155526376081347       -1.14046032118718      -0.291205739444349     
  0.399244383052054       -1.12114646989901       0.602241913257717     
 -0.681354838964244       1.408364264445479E-002  0.627686747877637     
   1.17101184625272      -0.331249187630812       2.785363505786343E-002
   1.02411085653237       -1.30838734627697        1.47704785235786     
   1.69333611224047      -0.297122757281271        1.06403787894399     
 -0.660749072455663      -0.535981784169271      -0.869428794163111     
  -1.92688229471814       -1.57868856503034        1.90335413249309     
  -1.75626408600921      -0.696640198570764       0.444639324302240     
 -0.905255705706038      -0.380025732580599       0.769245379436676     
   1.29488185617790       -2.90395405419323       -2.02031933701522     
   2.14624354794995       -2.28637205700501       -1.41828076979797     
   1.91117810387915       -1.91513479447392        2.15163473004784     
  0.990449520649846      -0.828822508527723        1.49469690837622     
  -2.22015967322395       -2.83403437562640       0.424581608268607     
 -0.914391620606820      -0.228495995402627       -1.90259594980581     
  -1.37481699237013       -3.37144225394775       0.613005672378451     
  7.618141693628359E-002   1.64204335335687       -2.95765702989436     
   1.41931409148919        2.60390050372072       -2.61625941964209     
  0.933419699195742        2.23633290915269       3.828458527294142E-002
  0.961306647248035       0.468808328520982       -1.29968054517334     
   1.11819926900754      -0.991549637911826      -0.499055796701696     
 -0.377121673376275      -0.707307660860403       -1.15450562341330     
 -1.499932861247444E-002  0.232332780955104      -2.482781018257000E-002
 -0.707412258854719       0.649219248082544      -0.706182861734596     
 -0.338292744753712      -6.147378696124065E-002  3.126494955571298E-002
 -0.248653308525778       0.106888993507679       0.792131462378172     
 -0.384008369572434       0.268807502605574      -0.637589986474695     
  1.977313195694479E-002  0.896012695953549       0.561268020845197     
 -7.894544966226333E-002  0.498728358372496       0.490689664557613     
 -0.174853400282058       0.605407813466758      -0.242383133856369     
  8.262211482835780E-002 -0.146645735817099       0.300913599809683     
 -0.716770647969752      -0.465720439341917      -0.389705627836986     
  0.367659316220158       0.708788255638217      -0.425181650040533     
 -2.477535223881168E-002 -0.321015762577793       0.652441085830987     
  0.289097632541671      -0.623839642468953      -0.258140759657638     
  0.311555340087104      -5.872870234191644E-002 -0.528123893117431     
 -6.917754880384983E-002  0.189529126832794       9.231575336341809E-002
 -0.101383288780587       0.137063838134143      -0.108101394658191     
 -0.282696356911057      -0.350735133168353       0.289355370023741     
  0.262196089002024      -0.289314323772673      -0.139642425808467     
  0.262955422150567       1.392123688775304E-002  0.344203304613093     
  0.479287978487351      -0.168751925459505       0.263148465544688     
 -2.542620890669820E-002 -0.244964362491330       0.673206634228484     
 -0.499169065746034       0.200087795187190      -4.049553713026408E-002
 -0.445757113858166      -1.945166036642725E-002 -5.582650789508363E-002
 -0.156099409920637       0.364339457666123       8.447625810256580E-002
 -0.273311498747153       0.251828579827497      -0.617597008457621     
  0.387399693814071       0.225603020736040      -0.257325581093228     
  7.691818368003187E-002 -0.477340906312750       0.440795884204124     
 -0.180816490435672      -0.441329486371919       0.564272353185216     
  0.137731483837165      -0.393816349447140      -0.318574637381749     
  0.209739430703103      -6.194976145881519E-002 -0.327005164290095     
 -0.218124911619870      -0.248239188494754      -0.204526983869965     
 -0.591972903974173       0.619225921523067       0.216686628983097     
  0.147606026353901       0.404956509984909       0.252668647965383     
  1.573332095468099E-002 -0.344442057139459       0.153615281644171     
  5.560954999351062E-002  0.113355047013769      -0.354977620255224     
 -0.280336863043260       0.455564885917512      -0.111323435082965     
  7.473509165713098E-002 -0.281169352174446      -0.463689810986024     
 -7.935826020361049E-002 -2.715399533317984E-002  0.501614314345019     
  -3.64549131432196       -3.91151509134001       -1.94987040908951     
