 -0.419640870532356      -8.799912802598388E-002
 -0.371111980221981       0.211588995349159     
 -0.360702277620876      -3.842410856323299E-002
 -0.676196258982709      -0.218086199182611     
 -0.111444801578533      -0.109452444726233     
 -0.417094959962254       0.183680343779465     
 -0.411614710490454      -0.384883212984732     
  0.169199036364095      -0.121302047306010     
  3.662936288314442E-002  6.497896246174759E-002
  0.300197813270930       8.317866344730755E-002
 -0.397880212440750      -0.116537474916400     
  0.106060033255771      -2.199470832818496E-002
  0.374040112008495       4.902510494833320E-002
  8.820495163423658E-002  0.207192955544814     
 -5.238045386865409E-002 -0.173548979844609     
 -0.458443121889216      -0.305603501060960     
 -0.294061165249452       0.508265628071700     
  0.228493441919499      -0.156077942847875     
  0.539996438592358      -8.717786585617486E-002
  0.188660696829103       0.351094233137048     
  0.250723038095075       0.346037719476973     
 -0.170385007795022      -5.338784149508086E-002
  0.253817624741730       0.197057795605811     
  0.212845582742785       5.093830209066235E-002
 -3.766137463706554E-002 -0.181532434727584     
  0.241402247855957      -0.370604015356470     
  8.460363194366136E-002  0.224149936782544     
  9.538279810563267E-002  0.361783798475553     
 -0.423755990831513      -0.360690069114411     
  5.447171265719328E-002 -0.153537180271659     
  0.328285286185155      -1.636184075428893E-002
 -0.497401804389484       6.460830765684555E-002
 -0.280168842337076      -6.246279273751432E-002
 -0.103403380857652       1.249378101557091E-003
  0.466534234672333       0.358389338675205     
  0.194790681415595       5.721573436572267E-003
  5.041133034508034E-002  0.140689695370813     
  0.398989154870144       0.300134836222991     
  0.232929513983771      -0.190526340716213     
  0.278570032097050      -0.102271948665083     
 -0.210403366422693      -0.129364498653734     
 -0.119941017764565      -0.311323720695827     
 -0.344452611512873      -0.296279302257714     
  0.204343909099200       0.505054614250534     
 -4.490309737859022E-002 -1.996753713053914E-002
  9.544366350401655E-002  0.136515724372426     
   2.01969277319527        2.01715782278799     
 -0.134052788231257      -0.127747918559417     
 -0.317484936262379      -0.452538279581550     
 -0.985302481333922      -0.987742234152988     
  7.971176456943013E-002  0.114709956555988     
  0.117804014529451       0.134061979268858     
  2.145060789653353E-002  7.385774443377092E-002
   1.68408928161440        1.68374738171735     
 -0.352034211388137      -0.292068362981890     
 -0.290263013522454      -0.242996904213878     
 -0.170147259137239      -0.109098240793666     
   1.15032859137086        1.15211975098188     
 -3.280404899710450E-002  0.168682600277250     
 -0.142111306462817      -0.135483077488446     
  4.082784071825598E-002  1.387204405440530E-002
  0.367370022073117       0.205224617761275     
 -0.280072759809078      -2.348283323349929E-003
  0.254244561010770       0.375340671729872     
 -0.296060649323123      -8.614275130137733E-002
 -2.584039786551921E-002 -4.290354868526586E-002
  8.308250179798360E-002 -5.957198433527624E-003
  8.039774562138201E-002  0.234498651849051     
  0.557722216683164       0.467404541891522     
 -0.489722920797491      -0.304440771769450     
  5.299899043479093E-002 -0.175836793146647     
 -5.765949377152722E-002  0.229224629975293     
  9.804423403998262E-002  1.373735851276294E-002
 -0.173131928856229      -4.541645618928154E-002
  0.359707120982073      -1.659655590141585E-002
  0.262241826461773       0.179736030281453     
  0.127598614490593      -0.484000963572564     
 -0.110397933329300       0.335222248727181     
  5.522481856082265E-002  0.357916494822092     
  9.796178967249851E-002 -6.581231882987033E-002
 -0.204791235073763      -0.498003970317666     
  0.346960115958971       0.118112003067582     
  0.184642376140523       0.178289810855346     
 -9.453272814269867E-002  0.249786603209769     
  3.465992837313267E-002 -0.113835618596323     
  0.210316371718815       0.151988183736599     
 -0.320551901252524       0.110995813175308     
  0.250347728625671       0.120954676081310     
  0.202803854809822      -0.194750144402626     
 -0.437145747519015      -0.338893384226710     
  0.351788119338767       0.311787392275865     
 -1.448757984726230E-002 -0.446765203230181     
  0.420528965201684       0.116784076839581     
 -0.338321521745304       2.108940430586111E-002
 -4.784118474628513E-003  0.171747918799541     
  0.238882718533140       8.194796269630607E-002
 -3.539313587354211E-002 -0.380216467280560     
  0.263593362397858       0.175080755474200     
  0.428669798171207       0.171530268903529     
 -0.419283518931962      -0.186770105404732     
 -0.172784191959297       0.227113784852598     
  0.307094389425265       0.388545858154016     
