  0.315114888586986       9.298816899180638E-002
 -0.128955193695308      -0.477764226910134     
 -0.530815997800556       0.248726329985116     
  0.165483176160399      -3.510496909929198E-002
  0.427876578743273      -1.733577892871456E-003
 -0.139700185632358       0.126849456001339     
 -0.207435299049121       9.956269453444042E-002
  0.370385894516188      -0.111593821748993     
  9.084357201522682E-002  0.293447459183837     
 -0.219534900305759       0.295946590996806     
 -2.701742991268561E-002  0.170026267674025     
 -0.132980037342910       7.487152014750421E-002
 -0.189157799275480       0.221778689950875     
 -0.455369422013866      -0.358887346546855     
  0.355779227880752       0.433365024639088     
  0.206458656246537      -0.213579549508674     
 -0.263998214353809      -4.460653499799243E-002
  0.127950998321856      -4.201149902355982E-002
 -0.105294647467780       0.287418025557618     
 -0.368111428311319      -0.441224977542904     
  0.129431721015174      -0.379117675805976     
 -0.168735211459686      -4.163514494378544E-002
 -0.313924513550261      -0.139912948081462     
  1.431679371152673E-002 -0.147436710486059     
  0.172047835835284       0.299894601852220     
  0.313195388204790       0.274918073216631     
 -0.444087316892132      -0.271021827797259     
  0.549282013884820       0.750698053203856     
  0.165496263019744      -0.474882548050567     
  0.207607737076129       0.145107338545640     
  7.013081178194078E-003 -6.761319064693655E-002
  0.190232619777602       0.174048182326451     
 -0.217685322034365      -0.287445467755831     
  0.405791627408121       0.517008282553152     
  0.639484885205131       0.275045446785754     
  3.029395537510962E-002  3.393873031446860E-002
  0.100227847860438      -5.859975578626782E-002
 -0.137331998931897      -8.537501007564251E-002
  0.304309528116696       0.192055686112485     
  0.526470482517296       0.465495337328243     
 -6.800134561358960E-002 -0.160457626266469     
  1.354518325809546E-002  0.249702064983661     
 -1.027352459202545E-002 -0.150675830357317     
  0.230298786135741       0.487869205868734     
  0.208561567540125       0.388709943125439     
  -1.93713767167083       -1.92758190018222     
  0.442825588306827       0.308876756025507     
 -0.156746604772434      -8.543348779632190E-002
 -7.184250183195562E-002 -8.362200703222460E-002
 -0.283322958310776      -0.313399514371858     
 -0.711553123065370      -0.694478679859489     
  -1.90828713664039       -1.90332775410011     
 -2.053641377713327E-002 -7.821621985698930E-002
  0.357199952300519       0.329169934910190     
 -0.177174706860417      -4.379662293230351E-002
  0.434307666916845       0.565800663324927     
  6.499335861879788E-002  0.170561819344580     
  2.464971551907531E-002 -6.257043888797807E-003
 -0.295964697653148      -0.319544879094424     
 -9.961813506386680E-002 -0.266670775713618     
  0.448097135677452       0.506867098443188     
 -0.723686853515717      -0.696967496894126     
 -4.512965408404937E-002 -0.135406471627321     
  0.767476960109561       0.544473936286293     
 -0.163385849226690      -0.397527027179704     
 -9.116223216541430E-002  0.378519666779106     
  0.131154722267438       0.162007610388101     
  7.855108366260988E-002 -0.182654281267477     
 -7.078697810710005E-002 -0.172695276322614     
 -3.906315537137160E-002 -0.199906688671064     
  0.202325352919085      -0.176225719352392     
  0.306555060332249       9.389650670202587E-003
  0.453355885075860      -7.220724401202235E-002
  8.220393666549372E-002  0.410771090864683     
 -2.685919319645931E-002 -0.429133428249873     
  2.216091291759514E-002  0.305555039163005     
  4.954461832379825E-002 -0.301922537983382     
  0.607680312226071       0.455020950425647     
 -1.636967367098408E-002 -0.133585366467275     
 -0.490498421502844      -0.163216436602182     
  0.247406935099740       0.226086614341672     
  0.167659412812969      -0.186424442300548     
 -0.223548818721588      -0.508916870696856     
  0.190224534209731      -0.424429022795181     
  0.202184001980365       0.230854643953458     
  0.454227348438798      -0.279262207027396     
 -0.101526373246667       0.400455710731422     
  0.343934827445852       0.567050016086357     
 -0.465936277427049      -6.833886231478768E-002
  7.520024566161192E-002  7.768507904225135E-002
 -4.613666765627068E-003  0.301556360110336     
  0.384776035066000       0.277556572852714     
 -3.527727090940173E-002 -0.200928967551050     
  0.170311730631797       0.421491097904783     
 -0.161459110494007       5.822416435517546E-002
  0.217117057812453      -0.214080193954901     
  0.255121679444133      -0.349027379758266     
 -0.114026888256350      -0.225552934008684     
 -0.467777769526509      -0.338886901131533     
  0.196223353800196      -0.153477644598439     
 -0.354617006138051       0.151112593280295     
   1.27023513806562        1.27043077921517     
