 -0.529647988356894      -0.361468844828655      -0.242883702017436     
 -9.414592740841850E-002 -0.568339794613622       0.231824275405669     
  0.255452085734897       0.228432365787359      -0.156864921124056     
  0.416567838705899      -0.259398229281944       0.445173466092673     
  7.300230246016645E-002  0.292155269675718      -0.115889617313150     
 -0.161647094707925      -0.615607247453341      -0.269800053732839     
 -0.337641914296811      -1.830534228166895E-004 -0.183388986389617     
  0.212094263165868       0.367622917936905      -0.243175493835270     
 -0.539365865454906       1.192036992463278E-002 -0.515363554500887     
  0.634485454171987      -0.189445836467712       0.188515161837279     
  1.927181636738214E-002  0.213285317929512      -4.448044789030661E-002
 -1.708278791850776E-002 -0.154393844459068       0.444151226632572     
 -0.294241997099071      -0.217839750111250       0.212195723187995     
  0.126078908341708      -0.177777943224734       0.189186573647342     
  0.562991118570801       0.232199615466998       4.032488411262330E-002
  0.270653596416444      -0.563096200641155       0.644730791106962     
  0.405509682877603      -0.360449894521454      -4.085515342806426E-002
 -0.478895861990811      -0.250978833490148      -0.503792489743037     
  0.168751897939168      -0.114960961263850      -0.263890795697717     
  0.176177685073641      -0.569228741077424       0.286143053539682     
  0.262756722131716      -7.066573539409027E-002 -0.554284617890863     
 -0.111278539748495       0.141464251507895      -3.134909740082792E-003
  0.193278591612325      -0.170451225037758      -8.321802136328291E-002
 -0.475476502300151       1.684896523951870E-002 -0.743279036236330     
 -0.360344004429627      -0.359897143846787      -0.384752847357321     
 -0.886974171617203       0.255146945359760       0.326168524351649     
  0.312069497261735       0.171252622683449      -7.592698185558529E-002
  0.342113296323038       0.851232221641984      -0.760759308032951     
 -0.954017718533136       0.127593847668625      -0.485614744892061     
  0.172590765319257       0.174188748203899       0.135602301839127     
  0.734879723102423       0.113513263575638      -0.120414411804298     
 -0.350851376784584       0.704845740190348       0.368690127732469     
  0.300178847584327      -0.703554966715495      -0.246951723752599     
  0.699101564058341      -0.697161843504381      -0.271502915405848     
  0.777729618668078       0.578039962480136       0.828398887953679     
  0.425275252634207      -0.813686554618278      -0.392878808835005     
  2.297790787728910E-002   1.40903093179654      -0.551928313153684     
 -0.755134066703379      -0.517564004966683       0.561913799711997     
  0.539196920796677      -0.462042437490001       0.880727783318195     
  0.539736808178942       0.219499171751084      -0.158764552174787     
 -0.208534756642769       -1.27929156422756      -9.500982683388259E-002
 -0.974352605846827        1.55768438727252      -0.413626898216219     
  0.369827979102834      -0.888239176908757      -0.567322637174793     
   2.01847516271831       0.673564433864361      -0.446535657103692     
   1.05631303295033        1.00251923713545      -0.149352484353903     
 -0.815940574668928       0.840912536522521       -1.28522997132779     
  -1.34769897161482       0.971598922243698       -1.61116433177563     
   1.22266504415219       0.804611135093561      -0.645184923007128     
  -1.68096422034075       -1.84882588154007        2.01667634194880     
  -1.46996178583292        1.83203564616158       -1.90728171654948     
   1.74087032188330        1.92886790618483       -2.30270420093233     
   2.74787388373926       -3.62277782564139       -3.01440634670266     
 -0.493623586274803       0.257640503598283      -0.389491183898677     
 -1.726182239169163E-002  0.637361913318079       -1.76744504767653     
   3.01440073067082        4.03328926812713       -3.12526350986688     
 -3.097404324223132E-003  0.318544142909084        1.81269114120244     
   1.67661218010555       -1.74600471392434        1.41009379279674     
  0.955845854129348      -0.868814414698289       0.761895103982459     
 -0.984384295733634       0.644673425748937       0.256783015024479     
  0.576064071998601        2.00095133425171       -1.84076579304178     
  7.592540270121335E-002  4.348368024010350E-002  1.606688698081911E-003
 -0.723326667911777      -7.650252932942146E-002  -1.76937592288570     
  -1.16900019521139      -4.946857434574239E-002  0.274733247917782     
  0.980440150399416      -0.654061881230783       3.399985435777975E-002
 -0.620407154729535       0.763320342317717      -0.592426347549472     
 -0.341425289892851       0.817307222779726      -0.384242235022623     
  0.655312173860043       0.166349350135838       0.424801589191267     
 -0.226981814541428      -0.638061769512620      -0.730047994848871     
  0.389239485385651       0.684183305537898       8.159884801789134E-002
 -0.549704302689380       0.275209550598427       0.468150634233111     
  0.226103851292254      -5.205041013778612E-003  0.124680459772057     
 -0.158820544513852      -0.386360940197728      -0.441184805747455     
  0.392358985520844       0.642510776589519      -7.351121256764831E-002
  0.546482091383214       0.394271828164801       0.427158522180592     
 -0.430099334519181       0.317974100245938       0.107237375591699     
 -0.522899366373420       0.165005714847842      -0.599021610441533     
 -0.245451560586364       0.309908196768981      -0.886429920034559     
 -0.294925848468260       0.380328861622030       0.192811047220726     
  0.677446702821016       0.545783156265130      -0.154100471020074     
  0.368668842695320       0.436243152143624      -0.472652521312859     
  0.617714393669391      -6.268787298310097E-002  0.220463724876935     
  0.664057141473226      -0.137322107213697      -9.651424889833223E-003
 -0.134506398550843       6.365699587971418E-002 -0.113111022709903     
 -0.244115185760845       0.169019375199734      -3.444229888884508E-002
 -0.222995092209431       0.298719274903118       0.296006416684224     
  0.252386502620780       1.722803064151593E-002 -2.311705053653390E-002
 -0.529088297163020      -0.275287680113434      -0.169262850959763     
  0.308138156358731      -0.151419040183244      -0.162992831777532     
 -9.417542912527976E-002 -0.173865338390026      -0.274511531631517     
  0.121747608376404       0.383616385486144       0.265700772883202     
 -7.637080926252615E-002 -7.818695830442518E-002 -0.518060508945669     
 -0.202769293645700       0.420628997997810       0.147394507529144     
  0.432818232319789      -0.243659381651146       0.390207658215760     
 -0.172278277178626       0.101893011711811       0.449793784154017     
 -0.121888227370039       0.353299487196386      -0.495512065006920     
  0.210343337288778      -0.489838146123597      -0.312802925368910     
 -0.506182150205952       0.612426881020469       0.367512661355281     
  0.533350295235105       6.528981015448909E-002  0.281920589744672     
 -9.064686289456318E-002 -0.305505617982888      -0.414351413526430     
  0.287300785444357      -0.392039190550178      -0.234958587346453     
 -0.242351595802116      -0.135638908824239      -0.368461496605585     
  -4.52798034144558       -4.17420340576646       -3.65790682917356     
