 -0.330796697087057      -3.083581115954583E-002
 -0.236806248257279      -0.483123670800901     
  0.189936551275767       0.347309943127252     
  0.224827428345154      -0.495546603938131     
 -0.338855055028720       0.534545758763341     
  0.466776227400248      -0.377317137799182     
 -2.494797783015589E-002  0.559896120487661     
  0.184670510127394       0.231997092427443     
 -1.197805183259821E-002  0.404220212065938     
 -0.253361203941499      -0.482933798350980     
  0.242765672842547      -0.130536887242373     
 -0.168885004524106       0.283307885212421     
  0.149019062254677       0.375679907242734     
  0.519139318570066      -0.307765963492735     
  0.155424199781924       0.262393160611694     
 -0.246174271926147      -0.251314625298618     
  0.160118298259928      -0.173631345528135     
  0.121113689178255       0.218255884965318     
  0.133856857146072       0.376114807579281     
 -0.202541765298472      -0.397783330686388     
  0.265168427469378      -3.477896962129441E-003
  7.406077666399612E-003  0.210243945457757     
  0.237938745681040      -0.385357020802683     
 -0.260422847107227       0.104865776241168     
 -0.441615051334784       0.322304515958582     
 -3.745560183666839E-002 -0.179103465540325     
  0.180236432875754      -0.260518682808439     
 -0.600276955387059      -7.040178253175999E-003
  0.468958563896347      -9.663955390591328E-002
  0.482544895813084      -0.239058080631181     
 -0.204031653848200      -4.056025158776810E-002
 -0.419568678267618      -0.327749788186271     
 -0.234601567436214       0.448734424834527     
  0.178997657386578      -0.567349109090219     
 -0.223058613434917       3.613914264470872E-002
 -0.533427153661440       0.523796207255037     
 -0.140260789535382       0.431298566028152     
  0.673618799173336       3.701892091880084E-002
 -0.118139410637901      -0.324543930618816     
 -0.668754940101124       0.662280782989322     
  0.481795338498811      -8.105092425226149E-002
  0.397462994411172       0.110340492727537     
  9.642372103450715E-002 -8.818144579902212E-002
  0.781313690584431       -1.03903968870285     
  0.769424834285122      -0.643592148837137     
  0.361036009267580      -0.329460376847559     
   1.36344777235389       -1.40862352011339     
  0.194645106993681      -0.303944735421110     
  -1.84232986820931        1.75926784560332     
  0.589694456400212      -0.380415929386995     
  -1.17766197108869        1.39440709819310     
  -1.98090438883913        2.07842192564482     
  -1.30869521733487       0.824717213708571     
 -0.799514051514120        1.06906044297524     
   1.04275265089877       -1.08223442228693     
 -0.771503326147086       0.530359280470030     
 -0.524699928309465       0.674580675286821     
 -0.367899772523311       0.325295598164665     
 -0.598818813635581       0.567788717670424     
  0.697346073975820      -0.177365902428307     
 -0.125046461921145       0.155276287028551     
  0.143335548638190       6.944233160517460E-002
  0.590113325361129       2.207535235145306E-002
  3.165066637270331E-002  0.265263991291683     
  5.216542031429483E-002  0.533870203215113     
  0.349792914200284      -0.485858214347863     
 -0.111190000673027       0.251367228343521     
 -0.285068003890279      -3.502609638013191E-002
  0.295193809227259      -0.259251885851078     
  0.534986187625707      -0.562506007515318     
  0.374197052208116      -0.452046474077849     
  0.124634479636888       0.135710383510473     
 -4.319397570434093E-002  0.114621618647372     
  6.406204881284451E-002  0.168317384263876     
  0.401396961527493      -0.342091988046157     
 -0.109367444646803       0.465486306370484     
  0.121595672617522       0.605735139192946     
 -0.129227485060345       7.638790408085536E-002
  0.237755573962959       0.489873360466133     
  0.253896090713987       0.234670411019887     
 -0.626607386472987       0.418828163015265     
  0.359456114172925       0.456915076556057     
  0.155325804182324      -0.313907934809644     
  0.246942380037703       0.373649736610313     
 -0.134227017807911      -0.100423814937132     
  0.200869183854077      -0.359290896050936     
 -0.208877874253043      -0.113066848141377     
 -0.512860120119334      -0.248591604401767     
 -0.114975165432420      -0.391284723566281     
  8.513110079618354E-002 -0.360796404403445     
 -0.392732835456909       0.479779251282870     
 -0.124118578410739      -0.292206054642115     
  0.388071888039106      -0.458375493872367     
  2.346816360457430E-002 -0.258854796108731     
  0.279636082816387       0.520838446295838     
 -0.386668145047492      -0.275796625653303     
 -8.445155025258642E-002 -0.320887366995216     
  0.139842144758102       0.216647520400526     
 -0.372626639858243      -7.826013424760729E-002
  0.454797805717874       0.496800206511232     
  0.180006974965371       2.896014916780314E-002
   1.33856483692773       -1.45960785600060     
