 -6.198596783306719E-002
 -0.155540354249679     
 -0.875330845324072     
  0.488318129003425     
  0.354391186305529     
 -0.575450687512291     
  0.311449048245772     
 -0.306561734149181     
  0.573977993797979     
 -0.368676461412760     
  0.735832639479854     
  0.862170556338259     
 -0.130903633641162     
 -0.356748976298705     
 -6.136864314920721E-002
  -1.05119500744769     
  5.849802189913181E-002
 -0.652420419943983     
  0.575997375793681     
 -0.518182821885628     
 -7.289647787409512E-002
  0.528625875944740     
  0.603878882085578     
 -8.896298534969546E-002
  0.800067275437102     
  0.389297199332467     
  0.351716196508180     
  0.985692025227310     
  0.913892945296101     
   1.85148891252465     
 -0.984591516047686     
   1.33706811339603     
  0.777452508180317     
  5.542328981086827E-002
  -1.11281715551400     
  0.419753307130145     
   1.45261349702616     
  0.731413614937402     
 -3.287744256515012E-002
 -0.935003944453489     
  0.542982979462525     
 -0.568318267915962     
   1.48831888251637     
 -0.206042548158117     
 -0.243332951824766     
  0.164516911484514     
 -0.107061334256586     
   3.42414774053587     
   1.53183308805592     
  -3.68814543434707     
   2.00550515604695     
 -0.426630701659036     
 -0.675978898461132     
  0.319874121441749     
 -0.305632170239088     
  6.261500549761861E-002
 -0.230822483273824     
   2.63827031913457     
 -0.397652746259964     
   4.31635267001503     
  -1.33507840437030     
   1.26585898001548     
  -4.60649400189462     
   1.18548010474380     
 -0.563084051854203     
  0.147059104543083     
  0.426510111571198     
 -0.398585579290538     
 -0.265741722949834     
  4.097241617707695E-003
 -0.837571421101484     
  -1.77157531607821     
 -0.110350609511004     
  0.742527733060110     
  -1.42403864454776     
  0.263738998988888     
  0.514923066357430     
 -0.401577427216514     
 -0.221913513265737     
  -2.59240475754414     
 -0.262006518750669     
  -1.08188979677095     
   1.54928579571592     
  -1.08296568716776     
  -1.02416796738160     
  0.780566581763795     
 -0.772025114348597     
  0.508176682374217     
  0.368350695114838     
  0.690248283628399     
  0.244801830311021     
  0.667455678861643     
 -0.195382053033819     
 -0.199679012802169     
  0.725865515266329     
  0.105289061277293     
  8.054380165588003E-002
  0.826078454280800     
 -0.129989502610445     
  0.425640068889171     
  0.398162209644127     
  -4.54497211968174     
