 -0.225288803437827     
 -0.119870808650765     
 -0.363162136451321     
  6.741916570835832E-002
 -0.485061115912371     
  0.444711582710458     
  6.136574196525283E-002
  0.800728087163610     
  2.984951127009141E-002
  0.243077109607208     
 -0.359416926308271     
 -0.615292311175545     
   1.03899781717306     
  0.278476655256866     
  0.522199894102032     
  0.143208874618582     
 -0.381031433060010     
  0.146737577729538     
 -0.551221422579328     
 -0.515629478562982     
 -6.701399434292113E-002
  0.632041551003546     
  0.107957927688290     
  0.215374467305054     
 -7.262870513239132E-002
  0.978161076269350     
  0.976293852362435     
  0.173619090654932     
  0.596239102016473     
  -1.15077423719834     
 -0.104872441044678     
  -1.47188521880765     
  0.812299812827662     
  -1.27224978434880     
   1.67632549797348     
   1.32517014320172     
  -1.17655962336392     
 -0.942709164039193     
 -0.339292377381590     
   1.77814318659373     
  0.140773458638830     
  0.402043675687281     
  -1.02232101136010     
  0.604746076683936     
  0.472636972309807     
  0.190954173430853     
 -0.282752965936774     
   1.10422264800870     
 -0.591842310336798     
 -0.341647404758491     
  -3.80731027780285     
   2.64998601327615     
 -0.168163947584738     
  -3.30881050376987     
 -0.667324758038428     
 -0.666586808608641     
   3.89586450610129     
  0.555149438711344     
   1.63429900676349     
 -0.114433475584356     
  2.352158660214058E-002
  -1.39393609714936     
  0.987501729985342     
 -0.784859827489602     
  0.166592205153965     
   1.04129414342131     
  -1.53091447002763     
  -2.30600081035665     
  -1.62719760488409     
  0.254686830304872     
  -1.99698890656163     
  -1.11836623927160     
  -1.20055196094297     
 -0.146006051964685     
   1.10724404948296     
  0.840320513434560     
 -0.658150359810065     
 -0.550702538633468     
  0.906241448710330     
 -0.766685524134706     
 -0.579026822435461     
  0.948565063391233     
  0.350835445510130     
   1.32470328347895     
   1.63382272062259     
 -0.145260087906278     
  0.477645579862869     
 -0.598340335316046     
  1.403704937807430E-002
  0.585140718253742     
  0.117358258372729     
  8.458155716740338E-002
 -0.459446879172404     
 -0.842074966492188     
 -0.352099848460288     
  0.187666964767040     
 -0.856697175459817     
  0.445828068033978     
  0.881049294968965     
  0.553008612367649     
  0.467178182849618     
  -2.65018886148207     
