  0.283964890666739       0.457436726608906     
 -0.127985715166258      -6.305261464228659E-002
  3.007501182868918E-002  0.427999444477029     
 -2.363687140612421E-002 -0.326054431389310     
  8.110848159089395E-002  0.298204610724606     
  1.124895308405692E-002  0.340870068921620     
 -0.525871120227282       7.059883134950036E-002
 -0.189207364525291       0.351062654544669     
 -0.191959955617194       0.102429958326579     
  5.711932477853200E-003  3.409319389252369E-002
 -0.202119024179101      -0.314133557885101     
 -5.624381837222737E-002 -0.347181642102588     
  0.279726076043260       0.553664432737352     
 -0.276139237131199      -3.219071021470742E-003
  0.355035941336124       0.384303455752226     
  4.393888954202704E-002  0.302448990290709     
 -0.664871679559389      -0.481945126240872     
 -0.142665678963831      -3.278202412229257E-002
 -7.053686191061599E-002  0.316214350170669     
 -1.770250869426511E-002  0.142064738889643     
 -0.354928845137176      -3.539270480810492E-002
 -0.321032782990243      -0.165796194934806     
 -0.285506056921258      -0.331362568450611     
 -3.795943383084036E-002 -7.029057194154557E-002
  0.135938215410075       8.573014701519222E-002
  0.407558795065437      -0.312074274834426     
  0.209939013984341      -8.914778057863415E-002
 -0.138649511892870       0.365650145462593     
  0.326656094158328      -0.246090156620099     
 -0.503996621384865      -0.603231290724767     
  8.623345223328099E-002  0.279712784205566     
 -0.245136807403531      -0.448023788198007     
  0.634672202639376       0.762769461008203     
  5.253287770513344E-002  1.981802752686919E-002
 -0.293777605418020      -0.172798156644300     
  6.381310333719944E-002 -0.287881367966456     
  1.431087256928081E-002 -0.297263012754623     
  0.220487315659110      -6.111335976766564E-002
 -0.296744824743333      -0.356750329637325     
  0.429232543642026       0.285891109643504     
  0.307090111243729       0.378971508685256     
  6.778367819300414E-002 -2.151496125462778E-002
 -0.585774056673347      -0.577524988652433     
 -0.415247990794325      -0.382044863762293     
  0.407509177545989       0.289285803277621     
 -0.148070113346655      -0.293890500472026     
   1.35331688158507        1.35307673241524     
  -1.49657024781284       -1.49972148142425     
  0.368815482067067       0.359999547126792     
 -0.747576589128229      -0.751757215993427     
 -0.965670867647230      -0.965572139625987     
 -0.208476355231822      -0.242643951474230     
 -8.932937656941146E-002 -2.493118002182500E-002
  -1.72808815081020       -1.72605358822223     
  0.175508877738728       0.222553953349934     
   1.80933222978194        1.81543033389248     
 -0.707009892139804      -0.704711324979363     
   1.35130032834296        1.35611256609288     
  0.375473240401302       0.378472189388572     
 -0.360768632927552      -0.450780356494097     
 -6.240980509400133E-002 -2.574459594965306E-002
  0.381940473109204       0.451381236627414     
  0.600847722730631       0.580285524867170     
  7.447022569149452E-002  0.276035681098388     
  0.229653938520727       0.340462452883762     
 -0.427015948935857      -0.539621089316818     
  0.309735457012336       0.339464203827437     
  0.467257651823259       0.472198220064519     
  0.198877594208845      -4.551135983645038E-002
  7.727278899343952E-002 -0.266192510370251     
  0.228532473254645       0.117197815990285     
 -0.373765050331950      -0.105897141843166     
  0.213790755136896       1.906559249055302E-002
  5.600198012315741E-002  0.167686630515321     
 -0.571028204340204      -0.591619567643492     
  0.298268193561615       0.244533336141317     
  0.108598793837101      -0.444319100897607     
 -0.341435390024364       0.110272354779819     
 -9.483124608732475E-003 -0.418487542031757     
  0.223184671634341      -0.163192738081937     
  0.451292299945506       0.377958528810007     
 -0.347076749589290      -0.522295054314453     
 -0.443645173067595       0.266458470630317     
  0.368779623906780       8.799858216976847E-002
 -0.171643418748250       8.164441941225507E-002
 -0.460910682488870       0.159420769865547     
 -0.106313813018846       0.476721053475116     
 -0.262216400991911      -9.628632830877244E-002
 -0.396973640999567      -0.150608847601183     
  0.234296423980479       0.218510263150152     
  4.612154775880978E-002  1.096421291016434E-002
  0.398134801762269       0.371166674342979     
  0.250688516746035      -0.314565945472393     
  0.198011675939664      -0.163121712758813     
  0.137937719017811       0.115704692314880     
 -4.846150512175297E-002  0.135337822913378     
  0.456347541555473       0.449472963700056     
 -0.178831578162589      -3.085227560055720E-002
 -0.407265411779893      -0.553030620528693     
 -2.879829238012491E-002  2.428149393001577E-002
 -0.138379652600375       0.140759504376647     
 -0.644742435633291      -0.686441380174802     
