  0.484230905953875     
 -0.426853221001237     
  0.436460993440164     
  0.134059323068766     
 -0.501659181672266     
  0.109104708041193     
 -0.878504068324064     
 -0.753749992867529     
  0.114477625519634     
  0.343995117934873     
 -5.987203593274502E-002
 -0.401265787620226     
 -0.411701398377598     
  0.774847894426844     
   1.10422164151514     
  0.735698954260620     
  0.809580734240767     
   1.20629134870253     
 -0.487086342762837     
 -0.174832419087872     
  0.545863494369450     
 -0.108812865968992     
  0.453029910706422     
  0.842430462793167     
   1.23463077770673     
  0.257102549574318     
  -1.30638211411601     
  0.570948416862793     
 -0.860517819951123     
  -1.33216654720262     
 -0.381092591309799     
  0.235830684771411     
  0.761683427353533     
  0.850859177037720     
 -0.841668668925975     
   1.64433809250759     
   1.05515879156662     
 -5.352775062599324E-002
   1.14802731307606     
  0.298271296928168     
 -0.166302346334596     
  0.327186902936505     
 -0.108661654754109     
  0.830230784598314     
 -0.325452742100146     
  0.407839870408436     
  5.170240323267258E-002
  -2.54725183945845     
   4.58753525753784     
  -1.75598841881358     
  -2.51942926259802     
   1.35375389505605     
   2.51464411642114     
 -0.440536552770023     
  0.524049722510835     
  3.416870632274139E-002
 -0.833862692819347     
  -3.35947419298325     
   3.68243807304925     
 -0.353290331649329     
 -0.149196078752003     
  -1.08356820726513     
 -6.488655332690749E-003
  0.544320426477128     
 -0.912110190532493     
 -0.377355801426367     
  -1.03210040313254     
  0.957278732971786     
  0.198362904372421     
   1.51396205826732     
  0.665074535817552     
  0.349562917196179     
  0.787724569856205     
  0.357777654062814     
 -0.143249308426441     
 -0.634017474110637     
  0.793974161908623     
  -1.70967049204922     
  0.180818756110540     
   2.02706172127550     
 -0.891857352921300     
 -8.899812187155313E-002
  0.112518696441822     
   2.07564834180770     
  0.910667695534249     
  0.698102500536130     
  0.781438282864084     
  0.717313635311716     
  0.450338939115311     
  0.484166664266494     
  8.406105284119046E-002
 -8.437171422991739E-002
 -0.524288703334810     
 -0.268637065002730     
  0.311103298846592     
  0.256409022030749     
 -0.505227154963740     
 -0.699945117708421     
  0.495879679130934     
 -0.321391171368164     
 -0.478647349185116     
  -4.73760393991526     
