  3.816302428392275E-002 -0.517234730989900     
 -0.427248529723053      -7.491432008265358E-002
  0.178769718060555      -0.425734457176487     
 -6.055395988905333E-002  3.143266087124256E-002
  0.160303807388669       0.226479605405204     
 -3.316387311220613E-002  0.390008707375887     
  0.484526039871681      -8.971988055346243E-002
 -0.433855214698777       0.504716551569323     
  0.442330218559341       6.791937782483190E-002
 -0.259027041979845       0.187566179680536     
  0.151007420884088       0.277989061663038     
 -0.158365431570733      -0.471362280141388     
 -0.185904577603024       0.480495648540761     
 -0.122404806442615      -0.476947690781614     
  5.424563756883699E-002  3.437487854858997E-003
  0.502193814084590      -0.225286609814271     
 -0.255782193236689      -0.188952609834339     
 -0.211445387214175      -0.224196852410042     
  0.452210454953597      -0.354945740775626     
 -0.214581280395406       0.353152651830668     
 -4.709966826279694E-002  0.213720233419001     
  0.442479468807607      -0.170639322091908     
  0.264790975159839      -0.189674520460207     
  0.101422620653936      -0.278398595913510     
 -0.228015742224653       5.645540587313306E-002
  0.403338253702560      -0.586375814316902     
  0.469348358370348      -0.413430432059475     
  0.517662302512006      -0.552527535586639     
 -0.574784776508807       0.538181852142580     
  0.260428213377337      -0.122117072740061     
 -5.877976655393859E-002  8.863186140163368E-002
  2.116924865256540E-002 -9.488361195754078E-002
 -0.494066558922367       0.135482058206442     
 -0.363340708637061      -1.915847156572194E-002
  5.431205249826175E-003 -0.216836708368929     
 -0.383820809382399       0.662792438075671     
 -8.680397461373679E-002 -0.148996240808741     
 -8.923028492209445E-002 -8.456080595857675E-002
 -0.205352811881867      -6.682166470121809E-002
  0.189411018263362      -1.670844611230490E-002
   1.03362715601384      -0.984796840519639     
 -0.518250792025942       0.578321257189269     
  0.391297301145581      -0.265875933970414     
 -0.117968242033559      -5.604864426632990E-002
 -0.386749927848994       0.240018494179952     
  -1.26257105188647        1.35188597250621     
   1.36062534360092       -1.35395888247301     
  0.132456917049764      -8.400137650256857E-002
 -0.651696263985385       0.624622718124339     
  0.632830576328024      -0.753756011918045     
  -3.17421023625324        3.15784276284794     
   1.63507468264953       -1.60920113673689     
  0.280572280334623      -0.274706639757265     
  -3.43043177134949        3.45836820387045     
  0.220475955873636      -0.236080687002878     
   1.25486936861153       -1.17180341862840     
  0.315529246089685      -0.204614918246029     
 -0.913203850042409       0.805868929488241     
  -1.13789235839450        1.24269172488759     
 -9.577186429174706E-003  0.520846034784533     
  0.121134428284511      -0.189147950599164     
  0.332360342259807      -6.205440783357501E-002
 -0.804993266945006       0.694749927194736     
  0.337148533654158      -0.308383328808154     
 -0.395519821403506       0.167477562128501     
 -0.302290199912645       0.102998483816442     
 -0.133083786361234       0.242020668698837     
  0.158645262457960      -0.267565872898059     
 -0.127882970282214      -6.296082253994649E-003
  0.401200415618862       0.255147543155985     
  0.145106790475239      -0.275235060134620     
  0.281929714678944      -0.182460595929163     
 -0.304353250567758      -0.189154197299723     
 -0.333908976011922       0.199361615005148     
  0.246696764422790       0.168320482995690     
  0.218463016283549       8.606331793997749E-002
  0.578511389359478      -8.723128204087804E-002
 -0.433320221675878      -0.549237056353299     
 -5.800149807221884E-002 -0.246896663978512     
 -0.116121742536202       0.104134660569046     
  0.271142770053567      -0.134967152018125     
  0.554052648175413      -0.494549774616448     
 -0.215844966811969       0.176918720574953     
 -0.571047149756242       0.607093614581192     
 -0.293133517255867       1.840992879213648E-002
  0.280454021955922      -0.325990613345964     
  0.272086463841683      -6.084342804178634E-002
 -0.252442886816807       0.403924139915266     
  0.248264913919085       0.317680645125248     
 -0.260225200242992      -5.779940076697297E-002
 -0.205648928968818      -2.688347248948749E-004
  0.368292604346165       8.771822005081184E-002
  0.256773384557937      -2.233786755139163E-002
  0.452178393898812      -0.120054199871648     
  0.316220722017564      -0.238780860182753     
  0.444294768043945       0.148933637841241     
 -0.185582605379133      -0.303408766303622     
 -0.390849205525151      -0.221743786860474     
  0.222615233814660       0.138003399212567     
  0.441447023113981       0.405367391192124     
 -0.385062194331703      -0.363796829655555     
 -0.285674117987453       0.244200683874315     
