 -0.156016642001555       0.113750049194023     
  0.169609582272072      -0.411894930379979     
 -0.155155710288092      -0.259778221148456     
  0.292079300708343      -0.411570018016340     
  0.258050346924920      -5.663468613385696E-002
  0.257860566613302      -0.441983794111093     
 -0.313317661690715      -3.185241037700117E-002
 -0.219546977453089       0.166022108513940     
 -0.385286401042281      -0.239716980121013     
 -0.139758198404239      -4.945538428785301E-002
 -0.361887194158608      -0.138493051527814     
  9.055311760429799E-002 -3.160103304804545E-002
 -0.399717501480568      -0.492726209199575     
 -0.421811792637053      -0.206141974069794     
  0.258313245381318       0.273381006758778     
 -0.242352278736031      -0.146837720185003     
 -0.111112498009614      -0.268943904079320     
  0.211180260054937       7.573430502926801E-002
 -0.345176202808619       0.346112546223988     
 -0.263042624809848      -0.115554980502476     
 -0.165083147445104      -0.512657256555572     
  0.304193443937373       0.216870425045934     
 -0.252948350195909       0.292161991752077     
  0.313761566891791       8.815630910769416E-002
  0.139837462969440      -0.182382111878594     
 -0.168684709540182      -0.327543595104472     
  0.161518036013396       0.241252622471137     
 -0.359213105676341      -0.538203212940741     
  0.543520542134778       0.363317648525089     
  7.879790271488686E-002 -0.235434136525143     
 -0.272735221075015       0.214020003461526     
 -6.828931111213552E-003 -0.145883421515790     
 -0.143643971461419       9.820059733513051E-002
  0.276191206779774      -0.176838197884208     
 -9.784537626946102E-002 -0.163948308084392     
 -0.365814821279024      -0.156023956838697     
 -0.397312338623308      -0.276241058922773     
 -0.196118524699105      -0.198316705941658     
  0.192259236254705       0.125594545752006     
 -0.266971278333076      -0.222668559881026     
  0.319814209884522       0.197367091391387     
  0.244724203985380       0.114627369327352     
  9.124606238973404E-002  0.100117794604333     
 -0.569355540835780      -0.591426645377300     
  0.227800142796179       0.308037609471693     
  0.961198450406096       0.974383190830817     
  0.300205147845542       0.328110651873760     
  0.473657214240390       0.445961320403488     
 -0.117130988941387      -9.135934776515998E-002
 -0.952793739908967      -0.935766079909555     
  0.413103370272154       0.418814960850353     
  0.720519142895568       0.721479871663816     
  0.982316900247345        1.00214354954540     
 -0.127611466726708      -0.202989289472856     
  0.221239582147017       0.282885109291437     
 -0.367371697654273      -0.338405532365931     
 -0.548486715277729      -0.566268380819286     
  0.205191149954667       0.199770322439309     
  0.175116875694577       0.130485909510282     
  0.965116328640410       0.886577171385139     
 -0.176833784048586      -8.337054111931359E-002
  0.433212531740890       0.307031795623682     
 -0.151905916144227      -7.128145867235386E-002
  0.121516452424566       0.194334877343314     
  0.196795207080781       7.952253700460854E-003
 -0.136721719524663      -3.928858236087731E-002
  0.160010437004781       7.601345116928555E-003
 -0.250306686366200      -0.373322580472376     
  5.435985246430909E-002  0.323507026520556     
 -0.153808437626806      -0.134240295633138     
 -1.831265161803441E-002  0.184866968702204     
  0.371683380604144       0.313286035971151     
 -0.200115069438040      -0.272386495372394     
 -0.375526437341628      -0.125330000597650     
 -5.665811402340966E-002 -3.827263587280755E-002
  0.263872611231773       0.287395423097934     
 -0.371356647271998      -0.181883673440286     
  0.270321391054622      -6.398887594473922E-002
  0.183975382480736       0.605357612602020     
 -0.141118178828177      -0.175045305190218     
 -0.124814700682114      -0.461527324265378     
 -4.164660658866898E-002 -4.354304502335596E-002
 -3.099170288490618E-003 -0.235093423274690     
  0.247113820958693       0.396888966883234     
 -2.875179925545575E-002 -0.225368164870783     
  0.207424932127134       0.275143096484831     
 -6.405157017334352E-002 -0.469089284782283     
 -1.236577012258173E-002  9.825092119742802E-002
  1.969078310004006E-002  0.235122724445206     
  0.297896701983635       9.090197120759638E-002
 -0.339789049645801      -0.308808072257908     
 -6.493546726509837E-002  0.264582219181246     
 -0.135325872804648       0.154748843992423     
 -0.578278610947962       9.265338066810885E-002
 -0.314009319901072       0.291780237630329     
 -0.451701838798701      -0.155060791373503     
 -4.267932848546897E-002  0.231419217190085     
 -0.433697404655458      -0.247591903293820     
  0.502288328792648      -0.276834094714379     
 -0.385913397120626       0.315817301999760     
  4.683015332484224E-002 -0.361566584560270     
  0.238921739033094       0.220968709005087     
