 -0.936350874772188     
 -0.802976503944717     
  0.967788025049605     
  0.276042325868276     
  0.385159154928700     
  0.478334842908390     
 -0.634399644472217     
  0.579175042949751     
  0.132685818712959     
  3.423626372200947E-002
  0.236103528155736     
  0.677490425826804     
  2.593081973725586E-002
  8.005979837794445E-002
  -1.10669895957496     
  1.475874489516517E-002
  0.492761765898294     
 -0.156318751812481     
  0.518738449964030     
  1.607281216134856E-003
  0.231384517340688     
 -0.408525930360231     
   1.08047100501037     
  0.301970194932533     
  0.347350664759766     
  0.542612600197825     
  4.622707197259578E-002
  0.714243468664202     
  -1.15910324872001     
  0.185721418485412     
  0.789654230270267     
  8.236335009674924E-002
 -7.217875641614174E-004
  1.850853735995553E-002
  0.103540769960860     
  0.626528214223110     
  0.493969602332753     
  0.466898002433685     
  0.357239598343323     
  0.108461491788712     
  0.109932205336147     
  0.292612743225462     
 -2.663900200617390E-003
   1.12991620648070     
  0.256926178472649     
 -0.323580568888217     
  0.300865812412804     
 -0.656441394640942     
  1.986068719190264E-002
  5.687966208133885E-002
 -5.791270859140805E-002
  9.371418551685839E-002
 -0.424541829314925     
  -1.44821442400272     
 -0.377710395612176     
 -0.418955638309271     
  9.869808911821285E-002
 -0.574005576912522     
 -0.265535688325824     
  6.242438890311575E-002
  0.486715649918028     
  0.351110882897287     
 -0.467271000307564     
 -0.437763687187806     
  -1.75556522281312     
   1.24759470762617     
  0.196641306771443     
 -0.146344343873917     
  0.427281864260324     
 -6.241690282082198E-002
 -0.114781654075495     
 -0.357753892296847     
  0.745635660847694     
  0.367622108778701     
 -0.133288018840605     
  0.399977297849609     
 -0.175369286880748     
 -0.237963138692181     
 -4.297751301817709E-002
  6.997925359641605E-002
  0.286730172658295     
  0.365462900452414     
 -7.595725377142355E-002
 -0.224769437287655     
  0.315233310140902     
   1.44055765984665     
  0.396190777940112     
  4.291097947261076E-002
  0.153147793860749     
 -0.487074166834133     
  0.266758774985715     
 -0.460844984367339     
 -3.742960233224488E-002
  0.914217606898675     
  0.975447025671848     
  0.357738461259008     
 -0.656501730493512     
  0.321996188330997     
  0.356634336300875     
  0.915906488946646     
  0.245443285770660     
 -0.148358392533861     
  0.102219455523680     
  0.492259264977976     
  0.322051467159199     
  0.570246286285427     
  0.371431875199418     
 -0.422984565569374     
  0.299018627149790     
  0.146574398066611     
 -0.481517402054399     
 -8.158437296175895E-002
 -0.441150413963934     
  0.320845188113257     
  0.144559285008134     
   1.30767880070139     
 -8.078561768457389E-002
 -0.603325670976550     
 -8.369404446011910E-002
  0.525251517876840     
 -0.378105966362065     
 -0.408942041849488     
 -0.301773555398929     
 -0.375495163011779     
 -0.162943505689097     
  7.672380084414289E-002
  1.960158507826813E-002
  -1.07204366352631     
   1.84563892556434     
  0.378271222032801     
 -0.333214108402321     
  2.404355738741938E-002
  2.087722300818930E-002
 -0.606535406260874     
 -0.668212453230092     
  0.246018675020698     
  0.443731111779971     
  0.488624390102914     
 -0.438990781168879     
  5.881976783492318E-002
 -0.955852476305020     
 -0.486760653078260     
 -8.704079783777194E-002
  0.425580345332631     
 -0.493088711888517     
 -0.489060111785424     
 -3.148359043474876E-002
 -0.624000100804625     
  0.823789867195113     
   1.36889418617398     
  0.426050143789661     
  0.102647598618576     
 -8.273370666548403E-002
 -0.278973955837861     
 -0.233689123198343     
 -7.561229873290869E-002
  6.819421405958102E-002
  0.756589242798313     
  0.381890407396437     
 -0.304507203491052     
  0.116161902864829     
  0.182067721835023     
  5.941662199276485E-002
  0.223063475037179     
 -0.859365208047732     
  0.342296114316420     
 -0.265086679529714     
  0.429648003324611     
  0.337775215828724     
  0.424249746529733     
 -0.585290672046209     
  0.252036181796947     
  0.371070970545774     
 -0.676312253519276     
  5.933731736256942E-003
 -6.396256440930437E-002
  0.733695532939287     
  0.201055169010204     
  9.325403842564454E-002
 -0.664391176268390     
  0.183731417194564     
 -0.160684160835654     
  7.247219081989255E-002
 -0.831278567457190     
 -0.604011385961169     
  0.130837860819221     
 -0.331677688736467     
 -0.126925997476554     
  0.450786370865755     
 -0.445110634537460     
 -0.880406802135698     
   1.76489011487739     
 -0.450724090075876     
  2.512316821345021E-002
 -0.187062107654947     
 -4.839879482820582E-002
 -0.194175215722726     
  0.350655527284321     
  0.196822261714122     
  0.101290216598194     
 -0.158251755820019     
 -0.776202745077706     
 -0.516623271147041     
 -0.480252120310924     
  3.752666727030021E-002
  0.736628473698576     
  0.221580775973037     
  0.399936739317997     
 -2.669387074225727E-002
 -0.243467698430236     
 -0.253872964147159     
  0.372930112114795     
   2.01417514274479     
 -0.258577843523194     
 -0.227279123523766     
 -0.505435049874703     
 -0.364938661038359     
 -0.103686420538487     
  0.796072153551628     
  6.115193935448721E-002
  0.158893018943260     
 -0.590945142708867     
 -0.126743660329942     
 -8.909963535608249E-003
  0.254417529455294     
 -3.464306283021938E-003
  0.413336077400084     
 -0.852492534439530     
 -0.471791039914242     
 -0.418841527434937     
  0.432075316712227     
 -1.412266910157282E-002
  0.357276472576899     
 -0.996343609295995     
 -0.203158412455138     
  0.151395284105271     
 -0.236036203774820     
  0.126683852198691     
  -1.18505515726187     
  0.497401171953476     
  6.107565179319464E-002
  0.487521189163139     
 -0.454349828138082     
  0.393306074050744     
  0.229862193203005     
  0.173795556539485     
  7.673920894955323E-002
  0.260595569481227     
  0.473544911379374     
 -0.508205039601825     
 -0.498084382280425     
 -0.318499524252449     
 -0.553799442300103     
 -0.127736258452113     
   1.01638598044482     
 -8.438926306374982E-002
 -1.805974403921356E-002
 -0.299983195467286     
 -0.242571945036841     
 -0.131327541858850     
 -0.591508425325264     
  0.138124160241893     
 -0.546870040846297     
 -0.370013059998932     
  0.197046585383337     
 -0.350772179034790     
 -0.595376381495528     
 -0.260800962634589     
  0.426284746443678     
  0.313260195458760     
  9.162229574365846E-003
  0.140082851026594     
  7.973110726779120E-002
 -0.350391730816779     
 -0.371377841502049     
   1.29466539446772     
 -0.343675518303301     
 -2.476276535310174E-002
 -0.353677336049417     
 -0.185932520683116     
 -0.940247664419018     
  0.248778986303257     
  0.336247763315514     
 -9.806658624331129E-002
 -0.953083113579342     
 -0.216929796975468     
  0.469471580075878     
 -0.287374600119641     
  0.578249779849867     
  0.174965455906418     
 -6.187384455124377E-002
 -7.543707248744488E-002
 -0.184311289623041     
  0.462140047064254     
  9.439208242462928E-002
  0.206268706759824     
 -0.578167990018911     
  0.255860016522322     
  0.221498918364081     
  0.555636828762056     
 -0.145427621984150     
 -0.543745868286611     
 -9.262654806220920E-002
 -0.304684131601978     
  6.456158544010655E-002
 -0.758497303259831     
  0.103831115748889     
  0.118721249127497     
  0.437244934573122     
 -0.446256981785818     
 -4.016855260227705E-003
 -5.963151592323977E-002
 -0.480480362442037     
  0.263425433390951     
 -0.365776709221590     
 -0.403118612645043     
  0.196100049475015     
  0.640875416350329     
 -0.358072328000546     
  8.563317183590212E-002
 -0.212874600408662     
 -0.272039531426201     
 -0.851762604647768     
 -0.194205596605714     
 -0.474265021590294     
  0.790542571247896     
 -0.289288743348618     
 -0.971083209334556     
 -0.414075586231402     
  7.409496538637504E-002
  -1.06170509163615     
  0.442808387408336     
  0.315461555064928     
 -0.412180814707737     
  0.541031964750859     
 -0.437263862285174     
 -5.915734651909498E-002
  4.644210324813729E-002
  0.291377687365904     
 -0.232408036258189     
  0.459323011011316     
 -0.258897294229556     
  5.105994988312543E-002
 -0.725224297589419     
 -1.371939597557761E-002
 -0.233325197418761     
  0.206625009316684     
 -0.556658273024862     
 -2.760710059446498E-002
 -2.427309071985832E-002
 -0.371384213034710     
  0.391182313961233     
  6.619138720657768E-002
 -0.675117387097713     
  0.318308294055594     
  0.251506954344871     
 -4.391440737272077E-002
  0.256805004759126     
  0.453007539258726     
 -0.175148110335766     
  0.111208463772438     
  0.101478178374536     
 -0.793333590258186     
  0.134801465296858     
 -0.399478722405383     
  0.632807219557973     
 -0.154787608195021     
 -0.185654195055685     
 -0.167193260161694     
 -3.439286565366105E-002
 -7.775898253741531E-002
  0.668104441141528     
  2.394148801241026E-002
 -0.652360534608197     
 -0.313038521155010     
 -0.215947935619531     
 -0.377265653815863     
 -0.195141829660010     
 -0.561814137051804     
  9.233679803787539E-002
  0.804873713556891     
 -4.207167942253951E-002
 -0.538416179927130     
 -0.644519813679940     
 -0.667295328312039     
 -0.293431577013142     
  9.864201504892670E-002
 -0.653385956596098     
  0.457219505532763     
 -0.313920475014884     
  0.176567433883680     
 -0.309575119349785     
  4.858798654103879E-002
  -1.00137766060882     
 -9.908756772956291E-002
 -7.502496302819636E-003
 -0.161957506660939     
  0.134732001646718     
 -0.147967051622525     
  0.460040848985873     
 -0.235911705577316     
  0.565538007463899     
 -0.376384252145125     
 -0.156106834088907     
  0.364742910427154     
 -0.195734193171824     
 -0.432309161342252     
  0.535764302274231     
  3.706809017207622E-002
  0.811034212604025     
 -0.344221622263333     
 -0.546571944720955     
  0.287397074586540     
 -0.705592288363115     
  0.390311145639586     
 -9.506975777547985E-002
 -0.223920725383282     
 -0.544400529181811     
  0.566713609028831     
  9.062983855132221E-002
  2.201342965938019E-002
 -0.252171810831860     
 -0.959968888004214     
  0.170040921929132     
 -0.564321318340049     
  -1.21043094428360     
 -0.272068203876764     
 -0.408253623309341     
  0.990189194532231     
 -0.494446907066630     
  0.414140891108633     
 -0.422135422404540     
 -0.554539744913673     
  0.306264934809034     
   1.19282325563098     
  0.733117332904693     
 -0.420141497022536     
  6.202118597130497E-002
 -0.491364762733296     
 -0.631702125498914     
  0.375918747067171     
 -0.301455443467914     
  0.624846654200427     
   1.29572565755678     
 -0.540481845250132     
  0.269502899253082     
  0.208829021346050     
 -0.628968076817630     
 -0.212701003966385     
  0.195381508091518     
 -0.814200948426467     
  0.429755729328073     
  5.044161856173612E-002
  0.308778277201517     
 -8.787599768187451E-002
 -0.377951512321687     
  -1.40814427680776     
 -9.834467405102651E-002
 -0.505239125301983     
  0.126152260937386     
  0.443265541223310     
 -0.173780393507133     
 -8.233046110082975E-002
 -0.319122798895671     
  0.333169592920845     
  0.332938669357834     
  0.235894148732420     
 -0.286031293963466     
  0.127698425510625     
 -0.168016274956487     
  0.349998138787937     
 -0.793908098044274     
  0.273159370010964     
 -0.530273070167373     
  0.232477771536503     
 -2.909527885383236E-002
 -0.365671348223203     
  0.160612503015639     
 -1.196624379937823E-002
 -0.128495587260584     
  0.511131937137582     
 -0.107028005986953     
 -0.449330456913746     
  0.307893599183997     
  0.271657018253668     
 -9.972704867283050E-002
 -0.178160994808323     
 -0.422934957915097     
 -0.529443034225589     
  0.422997408503000     
 -1.636094204149776E-002
  0.726333444473905     
 -0.932355654410782     
 -4.453083144506406E-002
 -0.423679458259216     
 -0.359152198063777     
  0.989937537477266     
  0.344824714400636     
   1.48290327222115     
  0.141967931296001     
  0.282185691212421     
  0.277086873489831     
  4.818408735019147E-002
  0.300972034343857     
 -0.658202346979874     
 -0.450139991290096     
  0.243266649141931     
 -0.388383243321121     
  0.141423754195046     
  0.649715095294840     
  -1.86503198753136     
   1.01920694169373     
   1.33649157094374     
  -1.02631156351147     
 -4.827641018784885E-002
 -0.238248108239797     
 -4.273687371580731E-002
  0.465967638018460     
   1.03346225100445     
  -1.53733185447392     
 -0.316669895202351     
 -0.270864725839510     
  8.568809352948990E-002
  0.560371933911398     
  0.444376429689597     
 -0.295442386388963     
  0.691365663453480     
  0.145222687741326     
  0.247436592993687     
  0.179113615480357     
  -1.48583676658081     
  -3.45115000460462     
 -5.174210090062197E-002
  0.525079676275128     
  -1.58241223056387     
  0.571105871695040     
 -0.122558478496687     
  0.531819853946588     
  -2.41261014437412     
 -0.255325937558547     
  0.438441747554421     
  0.685993158006307     
 -0.594667253202410     
 -5.578664515146493E-002
  3.642642037910765E-002
 -0.174425615215070     
 -6.921962440434486E-002
 -3.675029114103400E-002
 -0.512845556571210     
 -0.411875567593281     
  0.459695223516757     
  6.044441160411797E-002
   5.41537606334377     
  -1.44286336688279     
   1.41423587078769     
 -0.716358521440004     
 -0.597483617731855     
  0.540421824030178     
  -1.41088612405664     
   1.63578733069873     
 -0.434729944458458     
  0.801701720122869     
  0.403434631057805     
  0.125657298227699     
 -7.110266286448932E-002
 -0.194901007724663     
 -0.301085070676715     
  3.706189430475201E-002
  0.165523262613489     
 -0.109615135298500     
  0.423906845055007     
  0.523796706282099     
  0.431743717960351     
  -1.70984819714678     
   5.04485067923116     
   1.33755928225383     
  0.190133889150134     
 -0.604644121281281     
 -0.223822964740618     
  0.743376093503913     
   1.96554110908215     
   1.22762501584313     
  -1.10675449477031     
 -9.014784334417475E-002
 -0.643782892378064     
  9.018747957207227E-002
  0.623219474809336     
  8.967389611958734E-002
 -0.218368697893663     
 -0.140263850121650     
 -7.424086872159922E-004
  0.486038595234585     
 -0.267079917002970     
 -0.455830387086314     
 -0.898256662884799     
  -2.54217831223451     
  0.763780856172148     
 -0.899614127135839     
  0.269439923852775     
 -0.101486297021982     
  0.170954676436070     
  -1.42241281917368     
  2.641222974020505E-003
 -0.200879832602851     
  7.845190908118312E-002
  0.450065505653208     
 -0.315831888753471     
  0.109031491765221     
 -5.242828055377523E-002
  0.337813255121574     
  0.603895481576228     
  0.287530594793874     
 -0.474798526145375     
  0.195696505435123     
 -0.680461306038573     
   2.04085109723791     
 -0.586880287789832     
  8.520430961644514E-002
  -1.06293893509408     
  0.448433645334728     
  -1.01594065773131     
 -0.664428839589559     
 -0.255744319246556     
 -0.497317152920888     
  0.715153172300960     
  0.425606846787068     
  0.345019348678109     
  1.430059966410483E-002
 -0.328460080307442     
  1.463662986810116E-003
 -0.126662931232650     
 -0.425466584627111     
  0.408109628267946     
  0.317424356941268     
  0.731230402327048     
 -0.684366986527025     
   1.99638306596643     
  -2.43844300589178     
   1.78622623011163     
   3.62818088472017     
   1.52817318725007     
   1.81431781147687     
   1.38155742561040     
   2.65260270390443     
   1.41342449251878     
 -0.501833063844786     
 -3.470655229063753E-002
 -0.199336545417103     
  0.181921212554533     
 -0.309683471084676     
  0.165592689112868     
  0.343763911625913     
  0.449885727120376     
 -7.589384029622051E-002
  0.615142722220068     
 -0.186649148124066     
   1.36830947093781     
   4.01221815054193     
 -0.217096125997970     
 -0.270152388618165     
  -2.58758954000408     
  -1.37259108762450     
 -0.999668808914074     
   3.48422702309147     
  0.621892255317562     
   1.12774244215271     
  -1.91157130069731     
 -0.821088040841970     
 -0.487027422179139     
 -0.107217770300861     
  0.548839245387244     
  0.586189939167097     
 -0.361089169633826     
  0.334202031152518     
  0.583407259821950     
 -0.960173159200470     
  0.769836615022995     
  -1.59196025111775     
  -3.14656335053416     
   5.33898304010112     
  0.761792657276974     
  -3.74701837170378     
   1.10228551164030     
 -0.919316112463082     
  -1.52394524654269     
  -1.38032661808361     
  -2.24856597100088     
  0.775855909119570     
  0.687640765802898     
  0.514363620155983     
  0.267699961718776     
  7.782552594785971E-002
  0.419896822337280     
  0.520043389859414     
 -4.592512095167008E-002
  0.286700404337333     
  0.153335674982095     
 -0.321948632864239     
  0.176910627128361     
   3.11060749138820     
  -1.01599109303244     
   1.33446085659440     
   1.31457675048731     
 -0.455235743774321     
  0.664828116444025     
   2.36639406751043     
   1.01411011754852     
 -0.314764300524548     
 -0.402596521833195     
  0.232849240988213     
 -0.393334005128240     
 -0.528088224664233     
  0.443629890154446     
 -0.368941998600091     
  0.405062173830653     
 -0.184188559310000     
  0.424848436207423     
 -3.063085904043907E-002
  1.277023712397904E-002
  0.707419596054723     
   1.91967798922745     
  0.866852262323126     
  0.284251232050196     
  -2.35023533615416     
  0.363968162292445     
  0.327692880612684     
  -2.88184800784475     
  -1.48303577375782     
   1.95455012961250     
  -1.41707304025608     
 -0.666968315755779     
  0.602779617503356     
  0.396329687335545     
  0.330831458529999     
 -0.225357042236427     
 -0.119847038555538     
 -0.188816093914317     
  0.458580381733965     
 -0.250747799324946     
  0.387766752905036     
  -1.25775638661137     
  -2.28715367263476     
  0.471957213214215     
 -5.905660140412462E-002
  -2.71148052305206     
 -0.369283066995114     
  0.136682100493991     
   4.53686756591537     
 -0.158701584121970     
  -1.65994356592423     
  0.233871721500290     
   1.14534953602618     
 -0.528208587788027     
 -0.276833657486816     
  0.180491466628149     
  0.150058130647999     
 -6.334416211771472E-002
 -0.251157413218770     
 -1.383057969724695E-002
 -0.495042259651271     
 -7.768890000002841E-002
 -0.570435167651116     
  0.642171910703161     
 -0.114059654646362     
   1.76142233036492     
 -0.206105169660430     
 -0.127686475365400     
  0.303322614807422     
 -0.197813926051197     
 -0.171229130219288     
 -0.856291306877164     
  -1.35879447479765     
 -6.545171217656989E-002
  0.187229342486879     
  6.321434325538447E-002
  8.531911233580095E-002
  0.311570399865380     
 -9.598703058747900E-002
  5.461179555005703E-002
 -0.101379832350894     
 -0.121425062067574     
 -0.573525792264322     
  0.439236587162496     
  0.924548022954482     
 -0.404232290692702     
  0.898511846248020     
 -0.272039201840861     
  0.536076024662022     
  0.167358945965048     
 -0.938337596064865     
 -0.623595672634194     
 -0.387428387524974     
 -0.831857689327247     
  -1.45514206185446     
 -0.680808248214518     
 -0.144406717202862     
 -0.415504175208734     
 -0.296398214341173     
  0.390711795353370     
 -0.349861185086394     
  0.197942001812521     
  0.299206446903529     
  0.301811189884490     
 -0.854926814659653     
  0.499556228551759     
   1.03470110097530     
 -0.437683481145736     
 -0.918094860416834     
  0.209029554122617     
 -0.123031972887939     
 -0.516687296301214     
 -0.489046052312095     
  0.392112301736860     
  0.280181184882806     
  0.832061522788935     
  0.267909869664943     
  0.179843820870515     
  0.109081300664166     
 -0.101069549762481     
  0.145693207053405     
  0.320956544421414     
 -2.529210314582436E-002
 -0.448166859185422     
 -0.323527451244161     
 -0.229436228523614     
 -0.665027700297745     
  0.640015781871342     
  0.793451954640512     
  0.383085251580795     
  0.161573637511652     
  0.419564864910650     
  -1.54410772032909     
 -0.634458914372631     
 -0.528339672099977     
  -2.00530553889009     
  0.585344978886639     
  0.390070601096297     
 -0.399711077296207     
  7.647932165346084E-002
  1.656219234458446E-002
  0.149826105323816     
 -3.110828717862587E-002
 -0.211501610891463     
 -0.369268030828973     
 -0.516441729600063     
 -0.355415694387277     
 -7.557551618203097E-002
  0.218302211488738     
  0.589057909299096     
  0.264582368322218     
  0.274291678565740     
  0.177730142343555     
 -0.905742787416332     
 -0.169202456057976     
  0.219981225792489     
 -0.732333953950203     
  -1.12083660065328     
 -0.199628214642939     
 -0.340665587506164     
 -0.644282012851204     
 -8.666765278446489E-002
  0.489779903210547     
 -0.225822607679915     
 -0.263065089960680     
  0.585558644493334     
 -0.511212503935826     
 -3.233285599746018E-002
   1.11943304664686     
 -0.219153822254470     
  0.338947220922787     
  0.240921213298335     
 -0.151511664192546     
  0.461852397797940     
 -0.727144169930494     
 -0.208184703206736     
  0.665503635616458     
  0.581455180588257     
   1.23456946257013     
  0.226582779863761     
  0.332867817218907     
  9.201669563010964E-002
  0.268403767700686     
 -0.386021348317479     
 -4.111876184028345E-002
 -0.317502463801208     
  0.286258321744560     
 -0.109287244081182     
 -0.125359048052259     
 -0.428531274299301     
 -0.392649227753630     
   1.45004871755164     
  0.162697766398537     
 -0.126903975998349     
  0.599264326414728     
 -0.709738825106354     
 -0.318372546997296     
  0.366334496193115     
  -1.35085902782702     
  0.863479778624009     
 -0.792393629910572     
  2.266666957549986E-002
  9.731865532818990E-002
  0.501722066836808     
  0.400588157331185     
 -0.504656438758665     
 -0.135686715338023     
 -0.398018985289415     
 -0.345731481935196     
  6.712726716820133E-002
  0.498950557906538     
   1.08991200011623     
 -2.830046031841309E-002
 -0.411530666328533     
  3.215813091650620E-002
  6.681839546804332E-002
 -0.538139446920602     
 -0.466119165289240     
  -1.57127287512467     
 -0.654654093337301     
  0.513849921181726     
 -0.321811673517043     
  0.581528970032742     
 -0.586481877088310     
 -0.506408735145280     
  0.123224800705731     
  2.824517338056114E-002
  0.113024161736978     
 -0.299969236313961     
  0.299656470962768     
  0.358302960270545     
 -0.729811375652213     
 -0.187957577570996     
 -0.450112738623837     
   1.00492903625880     
 -0.374406989652276     
  0.901804591992663     
  -1.16000696784130     
  0.838684531427520     
   3.43293710478027     
  0.792416989429326     
  0.333780033755886     
 -0.159045571537680     
 -0.291702338696296     
  0.204311180540653     
 -0.214614008589332     
 -0.125862000759436     
  0.330291022795051     
  2.462477107963327E-003
  0.422565197265573     
 -0.329161141999956     
  0.233438619987155     
  0.572289187712840     
 -0.317944808530543     
  0.905226570795787     
  0.124928742984363     
 -0.114253176811934     
  0.592952095060985     
 -0.699707904887702     
  0.257072984603699     
 -0.738901751775168     
 -0.926026972071740     
  0.220868321306420     
 -0.275579818741346     
 -0.355014427711786     
 -0.409375100593550     
  0.198685574624199     
  0.154422507538372     
 -0.428795782166786     
  0.201764521771825     
 -0.242900445467081     
 -0.339941758130879     
 -0.571608029143214     
 -0.280141763746808     
 -7.201116793771692E-002
  0.705593562672909     
  0.236636570471880     
 -0.345530984133257     
  0.730664752077838     
 -0.649337861320732     
  1.922144316321237E-002
  0.906991805419201     
 -0.986725225060546     
  0.210656833631223     
  0.247980416250118     
 -9.136198627153974E-002
 -0.357505836142426     
 -2.106218628441810E-002
  0.490022441932386     
 -0.297173517871174     
  1.815308661569945E-002
  0.374877500159853     
  0.389260831326709     
  0.187889247195356     
  0.135575940673161     
 -0.138098235875200     
 -0.125785794612152     
  0.138052153519910     
 -0.308959647979206     
  0.329664245501933     
 -0.623131726182071     
  0.234846135880920     
  0.910015922017322     
 -0.377871281306285     
  0.557854284242793     
  0.149313925939055     
 -0.437102741224563     
 -0.229475606872237     
  6.522378671104516E-002
  0.476355376033902     
  0.501906965138236     
 -0.525964561599801     
 -0.452247003294452     
  0.139955663081171     
  0.142706434155031     
  0.334362762048820     
 -0.695802440582460     
  0.791850034902868     
  0.355094141723149     
 -3.834639820504079E-002
  0.524504024909363     
 -0.762126437614690     
 -0.300020600920158     
 -0.300197894995359     
 -0.936461469954763     
 -0.104463496687244     
 -0.427750699372463     
  0.140413114216601     
 -0.406160684421224     
  3.389488393033092E-002
 -0.294707818016836     
  0.234911734648001     
  0.347853406267953     
 -0.398726858464030     
 -0.353773614842153     
 -0.814759934769860     
 -0.997151504171320     
  0.406948286092839     
  0.516493924172976     
 -0.265462283523263     
  3.366788712414239E-003
  1.801311004385725E-002
 -0.686302912876860     
 -0.350212650947013     
  0.213854316125346     
 -0.668457832783360     
  0.786902328357816     
 -0.963884110575061     
 -0.322383931541999     
 -0.365544165747003     
  5.385144531866499E-002
  0.469682567353627     
  0.527913331353110     
  0.487729531503558     
  0.505917260256539     
 -0.210123150700031     
 -0.271936472879137     
  0.222304156746707     
 -0.936699490638025     
 -0.324692665385111     
 -0.152052677062508     
  0.152791245198756     
  9.652717293339938E-002
 -0.851618633131057     
 -0.172083513274738     
  0.358428241334085     
 -0.193268856790247     
  0.879846731873121     
 -0.722827825458218     
  0.127528970099476     
 -0.369786033319714     
  7.698957597456520E-002
  0.506327263590444     
 -0.148828862226661     
 -0.334803224166644     
  0.433972745331250     
 -0.521055166516884     
  0.168341873740102     
  0.573658302204289     
  0.167816413247498     
  0.316531631045005     
  0.422847936943525     
 -6.883728497687758E-002
  5.098676328366472E-002
 -0.467504278368264     
 -0.489755296101246     
  7.583246381717879E-002
 -0.721820812088799     
 -0.465500359570347     
  6.125780957481174E-002
 -0.613239912521418     
 -0.573846265096595     
  0.168000135835404     
  0.476217088801567     
  1.278503096139501E-002
  0.407260482044686     
  4.977222961889530E-002
  0.505913208315753     
 -0.195937687031229     
  0.163533819865949     
  0.784474792503912     
 -7.242362447923993E-003
  0.475809125164971     
  0.370356045608607     
 -3.898197599365256E-002
  -1.10174831545687     
 -4.269285356576040E-002
  0.592231545549209     
 -0.174439016240621     
  0.845080937093126     
  -1.40901281843510     
  0.306887865303973     
 -0.138282635012666     
  0.203379706550424     
 -0.537661778687771     
  0.163025454351243     
  1.654169372697921E-002
 -3.997511363847587E-002
 -0.318725074843414     
 -6.011469805707986E-002
  0.245940336459905     
 -0.468744692008203     
 -0.317256728310907     
  0.398409413010874     
  0.593599674134029     
  3.814237533736856E-002
 -0.637826372619528     
  4.278519140149017E-002
  0.250514641170431     
  2.219140103873957E-002
   1.09775147491800     
  -1.05532553110786     
 -0.423677582848691     
 -0.193435169344768     
  0.170213023462776     
  0.531993138235377     
  0.334192187859462     
 -0.397394250291819     
 -0.182771986536696     
 -0.159028892358979     
 -0.132506718870904     
  0.215651203903467     
 -0.497667975095294     
  0.845933972923457     
 -0.427043656986730     
  0.402413198624163     
  0.752693082970691     
 -0.636798606865109     
 -0.333041686810944     
  5.076596789130885E-002
 -0.952058680696303     
 -0.101829205039452     
  0.374989656400752     
 -0.347179767271869     
 -0.238198148602383     
  0.388378062015437     
  0.417809931544122     
  0.624951405975644     
  1.557562611878702E-002
 -2.689716504809949E-002
 -0.310509135699410     
  8.851666450546583E-002
  0.211009637700212     
  0.499730243614875     
  0.448730742874018     
  0.819652664953095     
  0.548751365594287     
  0.292002347030721     
  0.382360978471693     
  0.262080055676749     
  0.212729739137080     
 -0.250053511571809     
  0.574045412437259     
  -1.74937231589507     
  0.210599866790642     
 -0.152026444205757     
 -1.179185441254541E-002
 -0.151364841098123     
  0.363818545018712     
  0.362247930026081     
 -0.227037978487683     
  0.456516036696824     
 -0.457899445385084     
  0.202898894042319     
 -0.271364911927150     
  0.151029506449094     
  0.232294479323897     
  0.205385374803653     
 -5.611692551323359E-002
 -6.293210304640674E-002
 -0.147864109300057     
 -5.499306907739176E-003
 -0.340311248290167     
  0.872150158058964     
 -0.559006911261761     
 -3.238686598769076E-002
  0.158631032184241     
  0.191603679293747     
 -6.948688947519469E-002
 -0.306096673937945     
 -0.343771893281187     
 -0.223328701255743     
 -0.321817360320628     
 -5.767811827065203E-003
 -0.794089108897608     
 -0.623485735580974     
  0.578464183343966     
  2.974836876596824E-002
  0.792969761514690     
  0.432089993501793     
 -3.358429284239470E-002
  0.281103309901484     
 -0.509092103603264     
 -0.419662519783752     
 -0.925850418644020     
 -0.359188729191761     
  0.260546613484899     
  -1.24078117800888     
 -0.311808852453891     
 -8.750081996095144E-002
 -8.211152482254942E-002
  0.402228383662702     
 -0.555123719037113     
 -0.571875742490469     
 -0.290612590933359     
 -0.147580679555423     
  0.434465106482405     
  0.584253070656874     
 -0.223736486893046     
  0.588250681936549     
  0.153035246352696     
 -0.617272896653235     
 -8.162896906833964E-002
  0.118385174685787     
  0.103989030416737     
  3.694559013618449E-002
 -0.637209024661759     
  7.244439772499019E-002
 -0.244575648367171     
 -0.326817134196268     
 -0.264887423859306     
  0.120484057974137     
  6.112940476182032E-002
 -0.262758690730115     
  0.205843641254155     
  0.157393346064476     
   1.12578361984912     
 -0.176888427301463     
  0.161673912202589     
 -0.472058194222698     
  0.340346101341921     
  7.621834439234396E-002
 -0.485623793086975     
 -0.146135100780878     
  0.282561549989149     
  2.250470496628132E-002
  0.464779663815486     
 -0.202127699542730     
 -0.638865636489005     
  0.345440497584324     
  5.439624210697567E-002
  0.236966522070645     
  0.196605307576632     
 -8.845162781011905E-003
  0.292389788175942     
 -4.387424025489722E-002
 -0.152847226430525     
 -0.233358694700892     
  0.325446098658611     
  0.514335810876655     
  0.734084665081534     
  5.557124790502608E-002
  0.539945931787917     
  0.314101405649726     
 -6.431608637254510E-002
 -0.679764101158800     
 -0.618293101635142     
 -0.445848454815848     
  5.531544905288198E-002
 -8.118822798143517E-002
 -4.665975715163714E-002
  0.552304507054358     
 -0.456151986174162     
  0.241920691989345     
 -7.312633615076336E-003
 -0.480787098278216     
  9.232742568307656E-002
 -0.174231220908965     
 -0.749171942844409     
 -0.134330873595387     
  1.980772668376143E-002
  0.233433176136192     
  0.762071050294108     
  0.318207315176036     
 -0.211388095306126     
 -0.365642588604533     
  0.198272356868087     
 -0.260406784125508     
 -0.331930951606789     
 -0.689176404563597     
  0.378418884895931     
  0.120671779594766     
  0.567403309634156     
  0.398473739054195     
  0.289494393521101     
  0.487562559365090     
  0.199804459184267     
 -0.470361538595785     
  3.074420417410823E-002
  0.882609098294188     
 -0.804897477401605     
  0.685779987609176     
 -0.830288119994523     
  0.441695884027107     
 -0.544959198546818     
 -0.670831748485889     
 -0.336991714605002     
  0.980848978926107     
 -7.116340969421707E-002
  0.900647462129321     
 -0.454872472023812     
  1.769231961033898E-002
 -0.118364845050135     
 -6.345860935780470E-002
  0.571240030680473     
  -1.31047644642199     
  -1.80751368660725     
 -0.582654821835015     
  0.172087869992491     
  0.948584941171749     
  -3.00754109129525     
  0.470148478733186     
  -5.06671340818021     
   3.70401228519977     
   5.74520968000572     
  -2.32190385164793     
  0.938203725406664     
   1.07126573818373     
  -1.11890710449789     
   1.64009476871446     
  -1.48847583303549     
  0.469019114070328     
  1.232790639039237E-002
   1.11102983558793     
 -0.597852194527130     
  0.353485805555430     
  3.636145461780405E-002
  0.127236399559354     
  0.462481540331460     
 -7.226956679812507E-002
  0.365605042999090     
 -0.275608750123833     
 -0.156150946702105     
 -0.428788994665394     
  0.343402302295740     
 -0.437082867586882     
 -5.172403167997769E-002
 -0.325575914694330     
  4.568908299393382E-002
 -0.103308803863612     
 -0.310867843644380     
  0.244246580690362     
  5.265443035530437E-002
 -3.671221443783979E-002
 -2.195601589827378E-002
 -1.451977043657304E-002
 -3.353857034215241E-002
  0.317481879842766     
 -8.163602853050933E-002
 -5.652197214733612E-002
  3.543623642414673E-002
 -0.422906228274530     
  0.215059983986998     
 -0.486490966217159     
 -0.453662446662442     
  0.295282130547439     
 -0.192833551369368     
  4.665597461195370E-002
  0.147239097032667     
 -0.352171982318706     
  4.556719848386315E-002
 -0.151821824226168     
  0.330774604185112     
  0.329188639186842     
 -0.326125861589830     
 -0.197268657885527     
 -0.494181447833110     
