  0.336282286390815       0.164645544832283      -0.113666386865652     
  0.317280877477836      -5.668973268111065E-002 -0.179856511290511     
 -8.095595800739133E-002  0.560071961155889       0.145566183331127     
  0.228128204156405      -0.712331576349474       0.239098011693594     
  0.837393071370805       -1.19837241759423       0.237112780804252     
 -0.184778237634177       2.985448626171917E-002  0.122705225803394     
  0.277154031339863       0.314179930520006       0.493352771593689     
  1.662541090952859E-003  0.263130491662935      -0.460032419449023     
  0.610270560413268      -0.532164075687632       0.230874349246162     
   1.30377579779592      -0.811806798028282      -0.446646700271353     
  0.278382286084745      -1.371454100010519E-002  4.012035150642125E-002
 -0.405973311331305       0.192190443513972       0.298615324003633     
  1.438823845484894E-002  0.214754583540502       0.100586972577485     
  -1.39324318857552      -0.282378954531863      -2.860272251038938E-002
  0.157643647648935      -0.612672095517870      -0.752494197238024     
 -0.352969388070863      -0.152530472951100       0.189839938802424     
  -1.71241460543310       0.804700279524198       1.248647953338876E-002
   1.46444225142276      -0.379625384505401      -2.391651342144389E-002
  -1.25913508353730       0.865596286242870      -0.361256407106054     
  0.310115798193289      -0.475525153516199      -0.597555508371673     
  0.302344974945461       0.787771220058747       0.366166365182540     
 -1.823403066726062E-002  9.894641861450876E-002  0.379206307373392     
 -0.321805159695977      -0.285337267668015      -0.327345202531031     
 -0.113276203073210       0.286859407262218       0.767371494563098     
  -1.39685295198019      -0.344227696451729       0.390601090468651     
  0.183088114133101      -0.310152378099148        1.05245431155649     
  0.192285912873393        1.26260876330310       -1.03265931510468     
  0.191924378901006       0.343562062847560      -0.615345315883675     
  0.582302094384501       0.472204589254817      -0.188479560177046     
 -0.968902986825145       0.701762595362806      -3.530436253099966E-002
 -0.174100292979069      -6.967305482846212E-002  6.331396835374786E-002
   1.10470881854797       5.018621888074323E-002  0.909564549676057     
 -0.750498695941484      -0.955879711757616      -0.190524246278687     
 -0.642918140935736       2.667456500605643E-002  6.684191316587070E-003
   2.47293221828498      -0.730711322002225      -0.177980872494522     
  0.555389250862495       0.443133925743871       0.842466750005170     
 -0.294473180013958       -1.56031444275565      -0.524760768802902     
  -1.25384913578226       0.966899474855144       -2.37020834960057     
  0.402790629547722      -0.162366040715094        1.76600936984227     
 -0.113361318697790       0.235653843276737      -0.476094989510713     
  -1.91568477275756       9.336173315795687E-002 -0.480977799102000     
   1.04230030987779        1.60482560421356       0.732297814922393     
   1.54536755176114       -2.92066944773605        3.76191441296164     
  -1.22386657352743      -0.150860326125401        1.37935720633574     
 -0.972034752745750        1.73290955095929       -2.19750471426957     
  -1.04733929013921        2.99487639721120       -1.82514467824176     
   1.47259134467170       0.110669469405422       -2.20515945129556     
  -1.59031025988007        1.37220516036632       -1.56309266589274     
  -2.89151072286207        3.44476816637628       -4.00751340150666     
  0.752128256431007       -2.74912965954973       -6.48613842937160     
  -3.73624561660395        2.97429871527525        2.21652062350148     
  0.362017374859890       -3.32577415642896       -3.44261508824346     
   7.03409445299291        2.66497552735999       -1.21964844449139     
  -2.16696537486227        1.80880415823243       -2.81125611869810     
   1.51840287940154       -2.35547778956621        2.12523033208229     
 -0.472798493080407       -3.43244730885984        4.74305227543582     
   1.84958142654281       -2.54065887837785        2.77474507645580     
   3.41626597874794       -2.50197992432143       0.438927473468180     
  -1.65934991193939        1.34409371294369       -1.17908368731887     
 -0.653130037621861        1.70916249773298       -4.19755544424987     
  -3.54670392093726        1.76970854549411       -2.53860711471407     
   1.86405344663530       0.270240953740724      -0.202890094083086     
  -1.55665358445982        1.59585688843099       -1.44215770511244     
  0.760849864172467        1.00696558877829      -0.310284335302936     
  -2.33994030292180        1.60759977778857      -0.723421337977104     
  0.568730950355767      -0.130742730971367      -0.680782928687600     
  0.543062907635038       -1.28412792876160       0.513272412897089     
 -0.745066260636355      -0.194785866426663      -0.665650398956962     
  -1.24384175688891       1.608053148806431E-002  -1.00125688304877     
  7.662485426279613E-003  0.363739070460483       -1.36387388316242     
 -0.744511446371416        1.90115624060572       -1.92427246807490     
   3.03503927538369       -2.78863868693231        1.66227761837051     
 -5.321682291212116E-002 -0.174826588076929       0.116503679255455     
  0.646101764196069       0.147264168452789        1.54693813728417     
 -7.720787694815763E-002  -1.75556004445626        2.03005765842384     
  0.867745698286966      -0.780491643806135      -0.117979678584343     
  0.290019616490788      -0.368064841072902      -0.280712931664656     
  -1.24166527947168       0.897765493721655      -0.490806799852752     
  -1.01434537070567       0.119422630529363       0.482633864423778     
  0.409716765526164        1.10682505164870      -0.235529340455305     
  0.829824830398365      -8.143611324532539E-002  0.126879283888681     
  0.350335493355161      -0.667252263395290      -0.471951121997724     
  0.279928562922841       0.395726171465436       0.379750120428966     
  0.342161394824897       0.776587955622379       5.800995972904960E-002
  0.108960214347640       0.177995225901116      -0.467734431764085     
  0.505954075030200       8.066853442945972E-002  0.694895408762537     
 -0.317235829045808      -0.238076328625200      -0.514310330193542     
  -1.28465756101665       0.806504303958290       0.359872100673915     
 -0.326269377688654      -0.211417319634741      -0.222139002909379     
 -0.474658524578742       0.214980766618722      -0.367770447514045     
  0.418526879812333       0.166006945846555       0.340275514425048     
  9.458002863740370E-002 -0.586606737137738      -0.230623990532699     
  0.546861296552951      -8.366776188256299E-002 -2.671948852012814E-002
  2.350279907176296E-002 -0.291392234712289       4.022495810209872E-002
  0.879171672786968       0.113725925548577       0.345438100143250     
 -2.382221707984031E-002  0.670392624490096       5.469424965582829E-002
  0.226029924417357      -0.309390575831733      -0.174918279766700     
  0.527499128863480      -0.543176456361995       0.563754420769878     
  0.137762510883659      -0.209085989045616       0.552974496005034     
  0.939031355291732      -0.600632754854098       0.466234919697591     
 -0.273613453072877      -0.450293155831371       0.396784278324522     
  -4.95723963096574       -4.91003479560541       -3.91032465979119     
