  0.243083757027622      -0.106823708215085     
 -0.316109980865878       0.158915248688429     
 -0.477475092389438      -0.380376116478588     
  0.113140265367091       0.192930215528686     
  7.974626832385406E-002 -0.441997409038791     
  0.520143769847363       0.279386052159937     
 -0.489787736070748      -0.343475729123884     
  6.023790706091794E-002 -6.991630655169949E-002
 -0.211497678753351       5.304069485729562E-002
 -0.434615116077251       0.264005856557211     
 -0.437659954553477       0.113281353107648     
 -0.169719456572943      -8.649846530631089E-002
 -4.032018839015666E-002 -0.126828223110502     
  7.319822702918795E-002  0.285830831020912     
 -1.046586273003445E-002 -0.235292690087842     
 -0.205355651517739       2.619553125223837E-002
  0.226678883612691      -0.320380508004806     
  0.232035667353880       6.972024615345886E-002
  0.280728558161765      -0.110402370413436     
  0.357673042706880      -0.121413454972727     
 -7.513070950501832E-002  0.387587610662656     
  0.153117028795891       0.172820008971225     
 -0.145689894426818      -0.312973696587713     
  0.293931171091583       0.309106859493111     
 -0.324251183939427       0.374347538457493     
  0.294638720398848       0.340133993898581     
  5.061892286502482E-002  5.107476870503720E-002
 -0.239959452981521       2.951105796297629E-002
  0.160463945683660       6.566211900213922E-002
  0.341046339424196      -0.200990396035189     
 -0.204872970415590       0.336900182589515     
 -0.310785112880823      -0.156789964407478     
  0.155002186003503      -0.158694427472280     
  2.267703057278309E-002 -0.328654453262905     
  0.379316456823493       0.455030317071909     
  0.138166744970359      -0.358897354339902     
 -3.673622010934728E-002  0.235723450868810     
  0.353951745409458       0.224555734340243     
 -0.318173954710000       5.202627067951672E-002
  4.267794354213623E-002  0.152888956030416     
  0.150265772002330       0.179676899914161     
  6.254654244890870E-002  0.327600206854457     
 -8.382359294033243E-002  1.504434427343950E-002
  0.566123858866144       0.552935362377106     
  0.208542203613544       0.303020400904610     
 -8.855896967528110E-002 -0.164602798879847     
 -0.603640028694329      -0.606686974919912     
  0.444246103074007       0.442313121602489     
  0.499193095014444       0.500744689986092     
 -0.746675188166140      -0.748256623889509     
  0.683238433530581       0.687010674906984     
  0.228659238263511       0.149025499315305     
   3.21243068599846        3.21662534317896     
  0.892500328028301       0.893495294566129     
 -0.411672272907788      -0.429693038816594     
  0.810175635964893       0.807658917773124     
  0.999431183533875        1.00514311593860     
   4.04735609959636        4.05054516970390     
 -9.515153437318512E-002 -8.458001771014413E-002
  0.388971645899520       0.367677920915332     
  0.339015753604336       0.191262190694038     
 -0.248314438787089      -0.262354731845413     
 -1.410615997559747E-002 -0.249099223047294     
 -0.515014540508436      -0.434568030745207     
 -5.312049633523620E-002  0.223495909477491     
 -0.218182921063571      -0.221138166488571     
 -0.383937355930249      -0.546548447765360     
 -0.214359160291006      -0.470002012062382     
  0.504534354944959       0.295828299031060     
  0.471344766275622       0.285858649381490     
 -0.594655500482450      -0.605699703436178     
 -0.153305782057442      -4.840150008243622E-002
  0.409172526451559       0.454369567187267     
 -0.312026099835197      -0.181271010127878     
  9.949678404708551E-002  6.240314506302526E-002
  0.245472402036024       0.130050391794801     
  0.267591294999640      -0.119360938791368     
 -0.131043080691387       5.152228067646878E-002
  0.444008117274558       0.215470741085742     
  9.283888849359016E-002  0.483128367452863     
  0.177223588481665      -0.206610584185002     
 -4.306564696350201E-002  0.235413528469926     
 -8.301908973114250E-002  0.243468586509327     
  0.313580472530112       9.850944972166641E-002
  0.387909167253885       0.262622845406284     
 -0.261745164340362      -0.241110863489849     
  7.227698213504108E-002  4.522948971600587E-003
  0.144269637830429       0.421901424509454     
 -4.982244780038859E-002  3.227155176671588E-002
  0.223539147577447      -0.286813409619827     
  1.439639270846815E-002 -0.202669527727355     
  0.410078431599794       0.248336436960900     
 -0.254368553758270      -0.123459227732172     
  9.265506163824060E-002  0.485130099969043     
  5.907401967910336E-002  0.400994689137558     
 -0.164886017600773      -0.224002902085572     
  9.751696866358790E-002 -0.344630709490854     
 -0.305017461447006      -9.637934119409451E-002
  0.243004679399766       0.124045312846004     
  5.685856436543497E-002 -0.346977513037624     
 -0.394619844141514       3.620584582617435E-002
 -0.716256359553315      -0.652169114350177     
