  0.391508642961307      -0.263171427067391     
  0.471138361010459       0.178893991461680     
  0.423770378233872       0.560687133371742     
  0.387993145609046       0.231720213798670     
 -0.423945517697761       0.344955171409534     
 -1.456273757868221E-002 -9.312209288968805E-002
 -0.582990109075077       6.984908226606173E-002
 -0.150092807946265      -0.204373454812975     
 -0.291771119371666       9.391505083743272E-002
 -0.357149900958997      -0.426177758941372     
 -0.205992843589752       0.237761458497239     
 -0.367346696789835       0.166519195721299     
 -0.145423275489337      -0.322187978543814     
  0.179322759674391      -0.188715494693708     
  3.546037801187954E-002  5.609949384595850E-002
  0.234246676321829       0.519604554455444     
  0.102163197200974      -0.163292514911431     
  0.267504107080231       4.418019748772697E-002
 -0.130343424854364      -0.164482258681228     
 -0.247744925046471       5.338843229877360E-002
  0.130656170440210       0.270261494848020     
  0.202872068469594       9.022695066515009E-002
 -5.917014893658959E-002  0.284593163924970     
 -0.468997444931496      -0.278647504634460     
  0.213644688838483       0.407143370585583     
 -3.290638303924415E-002  0.150171987704488     
 -0.137456214461697      -0.445033151329249     
  0.220144217139533      -0.321756496437563     
  0.111462255074999       0.313003417075521     
  9.203960315665362E-002 -1.604292739831589E-002
 -0.131683390139891       0.127650478681952     
  9.315200932803161E-002  0.211768956190636     
  0.382596694703359       0.144369852666630     
 -0.367047750018705      -0.414164236659738     
  6.486037584064681E-002 -0.223465502955781     
  0.290273937189966       0.404915269897988     
  0.114500521187830       0.181082936249688     
  0.100507411967473      -4.342036198797018E-002
  0.173593425002045      -0.238371491763028     
 -0.513657005033825      -0.322815690309098     
 -0.220315484414363       6.997448530814417E-002
 -0.323234696330287      -0.362004114235218     
 -0.207790355154477      -6.525209625836036E-002
  3.799105247987688E-002 -8.039707159379292E-002
  0.215734850060170       7.972501178334121E-002
  -1.00139562824834       -1.01772720723064     
  2.016142463181578E-002 -0.239973334460039     
  0.301573570891222       0.350691606699171     
  0.181810981171625       0.128575816091194     
 -0.745306496989269      -0.735981074165229     
  1.020038810676893E-002  4.534098801831392E-002
 -0.429252384282616      -0.390963978305423     
   1.76003700670523        1.77293209285970     
  0.403563508267460       0.541710025768227     
   1.36449701959066        1.36381064648828     
  -2.68044862420365       -2.69079216224384     
 -0.179555653110490       1.631483372489850E-002
  0.238248872878977       0.107506719480033     
 -0.277653904695924      -0.367992406804447     
 -0.489962188082969      -0.231776334363745     
  0.293317947319703       0.237476874939540     
 -0.414231950409297       4.599199236334149E-002
  0.156155886051457       0.162881261579019     
 -0.545297261167378      -0.486692089393239     
  0.131329401020734       0.110615266711910     
 -0.169249274407753      -0.157904208858224     
 -5.173608054660568E-002 -0.244761197615752     
 -8.824287443011666E-002 -0.432081446475101     
  0.103742449839071      -0.232487395051286     
 -0.334585050654316       0.152093772735239     
  0.616775603919150       0.574831868473035     
  0.328304352611624      -7.169640369359741E-002
  5.540076612552872E-002 -0.416583444383101     
  0.227208509583215       0.432026263580316     
  0.446415607643062       0.278206210041229     
  0.338079591700755       0.210664771128157     
 -0.211473982801631       0.358249080421465     
  0.340184903129067       0.436046438717999     
  0.140462690765788      -2.121403901117481E-002
 -0.305954215688564       3.236804373898674E-002
 -0.212520380332996       0.331504528345310     
 -0.348244700606690       8.324352523164640E-002
 -0.399194000001056      -0.225887042102690     
 -3.002326752539846E-002  0.270769579169231     
  4.202061435123361E-002  0.491921954290064     
  9.122150640580853E-002 -0.234782450491700     
  0.210908139017915       0.291548932533743     
 -0.398626648092710      -0.145251782332248     
  1.009989063187269E-002 -0.289686747748376     
 -0.102496491554308       0.226746586942248     
 -0.123615099041328      -0.285893090188934     
 -0.220545090958947      -0.143547923412758     
  0.407721203969379       3.351725998795919E-002
 -0.235716021415475      -0.116038415156030     
  0.175161861941894       5.289117224254227E-003
  0.567702914783948      -8.251041212715253E-002
 -2.134523188937325E-003  0.106099728582250     
 -0.163826051608413       0.143327751882338     
  0.186857962567121      -0.456141274720287     
  0.204853614583938       0.478715128245430     
  0.421974311563783      -0.170201981937833     
  0.427425905691389       0.478195620272003     
