 -5.759792090615790E-003 -0.245667979653873     
  0.362837337554112      -0.515321045455758     
  7.016615702904756E-002  3.228899797985341E-002
 -0.163161234448280       5.923752225596692E-002
  0.564719837223272       0.126047279596533     
 -0.205727037647869       4.213854764533613E-002
  0.389057703995291      -0.187938813634115     
  1.986526260096086E-002  0.484778540561067     
  0.323025075672506      -8.844194957997650E-002
 -5.487928196339505E-002  0.380452131062062     
  0.393878203422793      -8.330852215263410E-002
  0.491289561491984       1.499898558441948E-002
  0.192772080832830       0.299175488300737     
 -0.533849768599931      -8.522512420008301E-002
  0.192284931005670      -0.465814023780421     
 -0.440841695550781       0.532787479733623     
 -0.113631685554372       7.994183755646440E-002
 -0.111667243657231      -0.229799796775798     
 -0.122867871155944       2.864716284308257E-003
 -0.331806209187414       9.298847113241228E-003
  1.010085983971389E-002 -0.115955625926744     
 -0.173340885295646      -0.260724800572185     
 -0.428191932938871       0.119787368515734     
  4.053661225612514E-002  0.372729900819364     
 -0.381413446705188      -0.148677626892373     
  0.245605557943711       0.306621029551255     
  0.103246093434939      -0.264219714807888     
  0.572771833320404      -0.100559427038505     
 -0.114137940300017      -0.296960488303498     
  0.127179556921830       0.437374606498908     
  0.114855305423877       0.278538228546054     
  0.512769499969158      -0.165819784943052     
  0.313763807267620      -0.376722500553354     
 -0.206640863486684       0.167294935648439     
 -0.541615237027417       5.580297057912327E-002
 -0.136059667164532      -0.203342917683711     
  0.400676773293790      -0.565496192582073     
  0.286614373061178      -0.657102284024949     
  0.555939880298384      -0.405494739695639     
  0.794014979988323      -0.793335982674549     
  0.242945429115448      -0.104436137699979     
  0.454825948518615      -0.489674589512182     
 -9.898018020203203E-002 -7.751267995337835E-002
 -0.679023724424479       0.590693601649188     
  0.305372503348168      -0.505455088515033     
 -0.336749093897030       0.145993909765133     
  -1.36227376410892        1.37416176599941     
  0.103580764627934      -0.170795386123327     
  0.522555536953700      -0.572781909274335     
  0.634125636751692      -0.786433262516957     
  -1.87210100772726        1.87739591875811     
   2.62314376435686       -2.58900496040786     
  -3.22937710038239        3.17186299639386     
  -1.28463401177481        1.32897272208525     
  0.449418288176914      -0.208505440282836     
 -0.280058556800173       0.278058418086406     
  0.869806059764156      -0.659228523389342     
  0.665956394234644      -0.621351051219300     
  0.175000877186050      -0.335895278629366     
  0.106454787822060       4.868577532676496E-003
  0.705500456551284      -0.681236098714081     
 -9.094795862438580E-002  0.232009547827714     
  0.172068848300773       0.135206940064395     
 -0.191590107677148       0.383416328336771     
 -0.323520734443739       0.362813544601063     
 -1.880900238241674E-002 -0.385219134326501     
  0.478857221260016      -0.452195572806896     
 -0.113587546176687      -0.453561761657671     
 -5.349497753928489E-002  0.260968852924732     
 -0.450553754766066       0.147514613764326     
 -0.355134760065522       0.606707487443851     
 -0.303005327965028      -8.163567120515204E-002
  0.171636116752458      -0.220991752859438     
 -0.247090010675873       0.242578773592538     
 -0.565995568640965       0.256134976058551     
 -8.760573973509482E-002 -0.110906471281852     
 -0.260026772924542      -0.324516855726390     
 -0.288201496892653       0.285365690144863     
 -4.100773809147542E-002 -0.305055217808330     
  0.204933139063740      -2.765312291666345E-002
  0.198500411902492      -0.228375907061818     
 -8.613852400803844E-002  4.438893831891819E-002
 -1.225317579266533E-002 -0.160957980288975     
  9.093894324180404E-002  0.226288267922285     
 -0.146838069339115      -8.234231152716641E-002
 -0.324196728377336      -0.309474456661918     
 -2.097710428669616E-002 -0.209831313957713     
  0.231064166743281       0.294531364893139     
  6.331610241279420E-002 -0.214844009897213     
  8.223824663528795E-002 -0.231000598604424     
 -0.651630265301170      -0.218068826128600     
  6.489827542196556E-002 -0.437961637216545     
 -0.214830038050070      -0.502593028727959     
  0.229700962114903       0.363096355681863     
  0.500997936876694       0.387211558474627     
  4.886575132642842E-002 -0.426012764195080     
 -0.319487566633030      -0.123395242584684     
 -4.951051492079054E-002 -0.108352867663133     
  6.043358497838110E-002  0.484275553005489     
 -0.153270548896464       0.546908739368563     
  0.269949061660750      -0.112727629710037     
  6.246434577603701E-002 -3.627866436765578E-002
