  0.373204212052959      -0.151687717636369     
 -0.317468667651418       1.454673678568368E-002
 -0.125253167270348       0.149313973768203     
  0.386043271735254       3.922886445844305E-003
 -0.191498219629519      -8.121668005366221E-002
  0.291730701084545      -6.988942025406579E-002
 -0.232491817246090      -0.220863044580895     
 -3.450666564089463E-002  2.186677116077377E-002
 -0.607046502788681      -8.663354312499731E-002
  0.372085059084431      -2.793648976424367E-002
  2.938154237334857E-002 -0.268147318593554     
  0.489938997360370       0.225041463887058     
 -0.274491766540145      -6.846878485938040E-002
  0.344996514434253      -4.984968034041145E-002
 -0.265611246167887      -0.317159743117255     
  0.341477371113705       0.152344413755438     
  0.439268917118785       0.456997502538621     
  4.817570454716718E-002  0.180457276597163     
 -4.907894948077757E-002 -0.158863873847512     
  0.300487460370819       0.143087745294831     
  1.511892697613949E-002  0.234224238201921     
 -0.101287014665870       0.420065561654655     
  0.413420286906853      -0.118551345033455     
  2.890982802778616E-002  0.165167318028026     
  4.544085560408919E-002 -0.185462655086248     
  0.321258898827686       0.323919670311140     
 -0.408766314392929      -4.464795567345118E-003
  0.135461067363668       9.252307272295847E-002
  0.538304785204759       0.394759637799738     
 -3.525151203345689E-002  3.123218336647067E-002
 -4.579178118708507E-002 -4.669264267317259E-002
 -0.211455980435757       6.423086004418006E-002
 -0.373397193544643      -0.304184392432101     
  0.246956371132603       0.445406930150797     
 -0.504265475178100      -0.441820181686021     
 -0.137813391424749       0.112879281089906     
 -0.338899468276338      -0.472109137249262     
 -0.540691007274115      -0.424624668243309     
  0.289763096253324       0.354616032757475     
 -0.335634703033476      -0.333661833155656     
  0.296327353907725       0.427869236139240     
 -3.944857876236345E-002 -5.277516799205767E-002
 -0.389427282762376      -0.469552588836132     
  -1.37208134162285       -1.36706291683267     
  0.682520497514166       0.680699985505292     
  0.854580641484782       0.861943797611776     
  0.301485896458070       0.321251169891353     
  -1.60651385295272       -1.61929745663613     
 -0.722900919286382      -0.747895110281999     
 -0.559836109536686      -0.591693022147921     
  -1.06812568166326       -1.06363543289527     
 -0.268472117547389      -0.294763019854232     
 -0.948478754513652      -0.953971570437382     
  -1.42444408956911       -1.42668711456797     
  -1.39604303137479       -1.40082939027186     
  0.224071913712640       0.229007891840829     
 -0.173417230945081      -9.412395501208008E-002
  0.407926686942773       0.394391497394933     
   1.98169142596393        1.98595188504444     
  0.252939659414274       0.268767939822376     
 -0.131186071126467      -9.841397183840615E-002
  0.463436365548068       0.518304858740975     
 -0.242121396444969      -0.124969795859844     
 -3.852137253390712E-002 -3.333790100714351E-002
  0.121776016255001       2.962241655908968E-002
  0.179617086428795      -2.769292632500336E-002
  0.305478663643166       0.216488549984535     
 -0.447069489252329      -0.345589931373966     
 -0.163003911958156      -0.309711225826772     
  0.208110909460970      -2.056303412870924E-002
 -7.685461205743976E-002  6.540971869707254E-002
 -0.308234287725238      -0.348808768364687     
  1.443517166792081E-003  4.313029611192550E-002
 -0.350331116119414      -0.256745878598895     
  5.918266780855042E-002  2.333533626122198E-002
  9.507795072516403E-002  0.242788827370522     
  0.173575704846372       0.283038834431779     
 -0.192215332524544      -5.556323908764339E-002
 -0.184669718131445       0.334670730906177     
  0.248310776737710      -0.108083666030317     
 -0.450514302379907      -0.384939637886300     
 -3.193095118288838E-002 -8.131671575433648E-002
 -0.241089784502801       0.328284748815734     
  0.188261596967772       3.170109633872936E-003
 -0.397565242799058       0.234337415324107     
 -0.388207493744482      -0.329752246233268     
  0.543763365790820       0.398471382225695     
  0.334854747821982      -0.330881640773193     
  0.378184122165924      -0.279932872166602     
  0.328961849377843      -0.178169901513795     
  0.231855930390873       0.452956333949373     
 -0.177988170770357       0.128566332618393     
 -0.303940590841808      -0.492867743177480     
  7.778647781128484E-002  0.290538035805331     
  1.177670318583748E-002 -0.284182199018775     
  0.410738891321523       2.920821159099775E-002
 -0.325818079568486      -0.324619718390484     
 -0.142541740480011       0.313784519331626     
 -0.343519859587096       0.375036052230738     
 -0.240747726167332      -0.237491418297000     
 -0.106067805956162       0.232224435214544     
  0.123324665304732       8.949805620187684E-002
