 -0.507101456725095      -0.312517333202108     
  8.258581011904462E-002 -0.118510541825630     
 -0.512130903040687       8.077114714397245E-002
 -0.504972565320844      -0.410154664112107     
 -9.624207481918334E-002  0.367094516778271     
  9.475960457367201E-002 -0.220710517344454     
 -0.123026799985767      -0.290328980460789     
 -0.404325107900471       0.312962806345134     
  0.247737859198731      -0.221416692051742     
  0.257788649446841       0.454807905945701     
  0.352476435912391       0.466781780922262     
 -0.205358150014925      -0.319471095325474     
 -6.807062805899924E-002  0.455111135187844     
  0.554914391347254       7.675782676292646E-002
  0.136104397166984      -0.263696239615592     
  0.258052711232596       0.128762317220285     
 -2.378771984248029E-003  0.245198720337176     
 -0.287826829909000      -0.464519935754805     
 -0.227641048745163       6.534662028142339E-002
 -4.775451600850580E-002  0.412559531027845     
 -0.383554484872147       0.510265630405514     
  4.411960425362878E-002  0.579440954497605     
  2.191751265487591E-002 -0.181758457573893     
  0.392515457853716       0.137700481091469     
 -0.203678921406561       0.172197239986808     
 -0.165936357125778      -7.028664305116797E-002
  0.151345817120698       0.245428736913122     
  0.138638631604279      -0.231252393982473     
 -7.490234605908648E-002 -9.537412171086687E-002
 -0.217280759971992       0.250378476163853     
 -0.333120379718238       0.512595472146434     
 -0.528643951282433       0.481375409953558     
 -0.163306051031050       0.393645605872989     
  0.196324548240470      -0.385524551132946     
  0.336037963270017      -0.179041054706957     
 -0.189102664932569       0.383942534256144     
 -8.240295944749121E-002 -2.126676420397872E-002
 -0.206947094267873       0.113384364181399     
 -0.266306766182474       0.324653745106833     
 -0.453009574957416       0.188879102286015     
  5.492916616953078E-003 -0.284803437324505     
 -0.129965805363490       0.232513979762791     
 -0.211828974002509       9.901180608389296E-003
 -0.545003543299409       0.621222479563473     
  6.038922072440794E-002 -0.181494973571134     
 -0.792162404977553       0.701663954855603     
  0.124945920278691       6.316502279474689E-002
  0.323874047822515      -0.276335281150788     
  -1.01658518046089       0.934681591036597     
   1.80551525289962       -1.72287144091774     
   2.07455417158315       -2.08926403514615     
   2.15964608632542       -2.25950386473536     
 -0.871761042093722       0.850805938290843     
   1.19046205750044       -1.08447049407928     
  0.356567300722842      -0.433417768937175     
   1.27854553090796       -1.34724292521326     
 -0.328357188067879       0.351568517422168     
  0.617477592976720      -0.753282325885594     
  0.448222841827289      -0.385492429848974     
 -0.108150303606309       0.244081915505174     
 -6.869572232346768E-002 -0.154841176705752     
 -0.171731604238873      -0.311021309861185     
  0.422002796934925      -0.310423082345207     
  2.045110030615015E-003 -5.246393864484369E-002
  0.519714348017559       5.566323411290684E-002
  7.429860498223007E-002 -0.116060561027030     
 -0.292938883262217      -0.170487664188880     
 -1.714127909866399E-003 -0.194292273593661     
 -0.266039344280287       8.105120563682389E-002
 -3.412971224539621E-002 -1.163079744127575E-002
 -0.239895774610286       0.367775823453307     
 -0.168916633730650       0.404607019190762     
  8.452679863390652E-002 -2.227005593915908E-002
 -0.432964088846215       0.135442417623244     
  0.251021144617770      -0.376456966231859     
  0.126684472908622      -0.485534181849653     
 -0.328964545970477      -0.148875657763810     
 -0.457406690370176      -8.195686086437545E-002
 -0.474443300908708       0.429368462423344     
 -0.135419990969697      -0.202766970879558     
 -6.766775607050783E-002 -0.496260743995853     
 -0.272311269429241       0.440853768628945     
  0.303321854587472      -0.436143710286492     
 -0.237949969202913       0.400053745631767     
  5.428852834698826E-003 -0.205466791276938     
 -0.282148192898123      -0.316454514710124     
  0.190370688854902      -0.423442236879156     
  7.769660533109102E-002  0.214154405284113     
 -0.398833123094888       0.218116554378029     
 -0.340623931006725       0.142457201006977     
 -0.436900563081492      -5.580123234203240E-002
  0.230055497479741       0.423952682134787     
  0.506150215467567      -0.107711845107562     
  0.381624218490699       0.163766820221618     
  0.246099184434209       0.531352148762033     
  0.265269907142931       0.140211513659275     
  0.489926262404829      -0.427549139694359     
 -0.441669307088934       5.093875332375702E-002
 -0.486063897741666      -0.371531451898393     
  5.501322097115233E-002 -9.904414885535996E-002
 -9.088151545206680E-002 -9.588565519528806E-002
   1.62850160627532       -1.74277241505113     
