  4.741534978277465E-002
  3.522899804193876E-002
 -0.285257347609512     
  0.295880666856117     
 -0.448899270285069     
  0.513296782756264     
  0.153245453147003     
  0.434482098072304     
 -3.463791235317645E-002
 -0.221686017073670     
  0.263335394513176     
  0.139257129336801     
 -0.491003201298557     
 -5.648041237848565E-002
 -0.114465938276871     
  0.405934991410367     
  0.286906896980170     
 -0.155496205866093     
  0.136747289595149     
  5.507327833089552E-004
 -0.427442317339959     
 -3.227120240270274E-003
  0.387445383633555     
 -0.106773142029413     
  0.468048640047775     
  8.512169722482198E-002
 -0.239777808382710     
 -0.344560878235676     
  4.774256132031734E-002
  0.192261283459884     
 -0.296832171206921     
 -0.199405877209570     
  0.475742439368188     
  0.200003276347208     
 -0.335641006117082     
  0.279873709645463     
 -0.418008259393678     
 -9.559110046870062E-002
 -3.207168113790766E-002
 -0.113531148112245     
  6.122984086929269E-002
 -0.230240945703176     
 -0.133880104665897     
 -0.125395460805598     
 -0.547480411382300     
  0.221501227602226     
  0.409434565881667     
 -0.173482096031642     
 -2.246276658149643E-002
  0.354538841853464     
  0.127740792759862     
 -0.290794277848411     
 -0.165698630058637     
  0.367469636718825     
  0.358832283199505     
  0.506615382338943     
  6.737065367121779E-003
  0.143224126198627     
  0.168753699098912     
  6.861188026631869E-002
  5.938141879035545E-002
 -5.873480028580727E-002
  8.301667826341340E-002
 -0.523934724180914     
 -0.213121216506210     
 -0.142610081448429     
 -0.384560824106143     
  0.144878536235984     
  0.242554871274169     
 -0.496410673562570     
  0.151550403255607     
  1.934267766274694E-002
  0.191806746125991     
  3.363316646990002E-002
  8.489625289113574E-003
  1.749223328564311E-002
 -1.093861115823864E-002
 -6.688501884029541E-002
 -0.427199475820504     
 -0.430239496861173     
 -0.185782280895846     
  0.509810265954570     
  0.490434942550314     
  4.346592156676957E-002
 -0.265947787171021     
  0.554789311716176     
 -0.507602240022812     
  1.447201314397200E-002
  0.527347000114675     
  6.916297357189455E-002
 -0.529377091674484     
 -0.327350091034482     
 -0.374962391290068     
  0.205804149104778     
  0.532194058853897     
 -0.411268375094697     
 -0.123609897269843     
  2.952435572509193E-002
 -0.276785153758878     
  0.183468203881072     
 -8.973452395285894E-002
  0.307385412180433     
 -9.373547100963214E-002
  0.355691783319094     
  0.461891799469869     
  0.284448555299273     
 -0.143690965254237     
  1.756830010533626E-002
 -0.216387203262027     
 -9.997949810166108E-002
 -1.911070607114308E-002
 -0.230007190845995     
  0.145086471856122     
  0.528913311773182     
  0.348735278775801     
  2.421259603184360E-002
 -0.440802437536365     
 -0.439699076666951     
 -0.274527955766037     
  0.411738675636901     
 -0.116779435112593     
  0.345037650921242     
 -3.943870129575711E-002
 -0.461960565949907     
  0.528908523554553     
 -0.276398249836495     
 -0.110954865441731     
  8.937085590104095E-002
 -0.116947858565005     
  3.984176712118147E-002
  0.620945245278313     
 -0.368752357759190     
 -0.546715901283014     
 -0.111307712522851     
 -7.490144470332100E-002
 -0.645560846502170     
 -0.182781109076313     
 -8.362902183678154E-002
 -8.305930622839382E-002
  0.428506932958026     
 -0.523038147753873     
 -0.125104381809246     
 -0.298916438384924     
  0.515880970495304     
 -0.227984566189339     
 -0.153096839592988     
  0.345163119876626     
 -0.275388996881976     
 -0.191382357267392     
  0.408108774683354     
 -0.291737618360222     
 -0.293312796752910     
 -0.231546302468205     
  0.372917637921471     
 -0.377187163443633     
  0.580067867584832     
 -0.458770099402731     
 -0.385598690029620     
  0.390623947946207     
 -3.059227427241379E-003
  0.286577608403821     
  0.124439239169904     
  0.223486594548519     
  0.201424872059875     
 -0.397441375477707     
  0.393761652211790     
  0.454720105566151     
 -0.332454804745650     
 -0.343780239667349     
  0.284359399640672     
 -0.442123800760600     
  0.193409963238062     
  5.042306162999151E-002
  0.353898147719831     
 -0.434519983883447     
  7.592128137116783E-002
  0.174257029278730     
 -0.319566769169509     
 -0.243617644762164     
  0.289050574379549     
  0.315236785056966     
 -0.225819876950479     
 -0.181024110860878     
 -0.127929982278906     
 -0.393277342846698     
  0.421292279413550     
  0.337749041159443     
 -7.281806927568879E-002
 -2.155169976360730E-002
  0.473063024206319     
  0.101132745169940     
 -0.372291440153848     
  0.526030895783041     
 -0.184797892514799     
 -7.817210053958483E-002
 -0.275824660192127     
  0.122513476465584     
  0.342547263316509     
  1.704924488007611E-002
 -6.330743436778781E-002
  0.140059036520259     
 -0.137353858689861     
 -3.910709756058241E-002
  0.146820975038196     
 -0.414329462646445     
  3.073047898301855E-002
  0.256773742560450     
  0.165495014202578     
  0.357211812697513     
  0.332755714111472     
 -0.216098998693093     
  0.140258970225417     
 -0.424915384467705     
 -0.121505268650152     
  8.398799333307302E-002
 -0.471389900018912     
  1.887961993764984E-002
 -0.448201326100641     
  0.580296413051798     
 -0.264532793466287     
 -6.202859301935636E-003
 -0.401315318763330     
 -0.568677273838959     
 -0.486125775326298     
 -0.214088326000492     
  0.190373440224646     
 -0.443324242279078     
 -0.338583269297797     
  0.386450329153576     
 -9.467775227303207E-002
  1.560465428643801E-002
  0.221217249170333     
 -0.365407956464815     
 -0.250635188277948     
 -0.165381209934579     
  0.590917488091129     
  3.698641426447627E-002
 -4.554268255356338E-002
 -0.102346291229701     
 -0.240117844910076     
 -0.141553598264069     
  1.711592026333217E-002
  0.474474522825184     
  0.211824759289667     
 -4.743121719878760E-002
  7.338800767022194E-002
 -0.352508745616397     
 -0.423729670912397     
 -0.241126947144121     
 -0.340909215658159     
 -5.812139876827597E-002
 -2.148877994477862E-002
  0.430851716862428     
 -0.266277247078262     
  0.327973518980112     
  0.633039513373445     
  0.592476533666442     
 -0.395495505948619     
  3.597155505793303E-002
  0.251501495063211     
  0.426461698504932     
  0.254469109789671     
 -0.198451186386546     
  0.232697466699005     
  0.306700044228325     
 -4.578217001689004E-002
 -0.338268894642553     
  4.941470858704877E-002
  0.325791092128572     
  0.156458150490223     
 -0.398719605147620     
  0.248946912325106     
  2.314008001171686E-002
 -0.341769193619855     
  0.280219595993892     
 -0.288154323227265     
 -0.406852496281654     
 -0.152289365397664     
 -0.356124649522295     
 -6.842253231542325E-002
 -7.018798614592563E-002
 -0.417250753639805     
  0.118665296603363     
 -0.432105309505650     
  7.607672507341623E-002
  0.306635760707876     
 -5.522066742857807E-002
 -0.436492908029926     
 -0.276669875932595     
 -0.517379141615833     
  0.330046316282299     
 -0.165255974854456     
 -7.254785377053261E-002
 -5.796013838553858E-002
 -0.423534143693288     
  0.377998847071799     
  3.589742664361260E-002
  0.320211651955736     
 -0.191708277123503     
 -0.478203112256861     
 -8.610950318685359E-002
  4.545986484647708E-002
  0.536290626679666     
 -0.181366429833761     
  7.201554824216055E-002
  0.239408686966592     
  0.314563694663851     
 -0.337274047303274     
  0.465474607836137     
  0.497393283935377     
 -0.177016252995354     
 -0.170728727457109     
  0.217397251207259     
  0.364266661392792     
 -0.149125756923361     
 -0.454492501938881     
 -0.258198347813306     
 -0.542771938485960     
 -0.102791927368267     
  0.303390652101050     
  0.426209962692177     
 -0.493177996992435     
 -0.322865105762427     
 -7.657555329645624E-002
 -2.892977084821248E-002
 -0.188362567025919     
  0.149853485794809     
 -9.614304598095093E-002
  8.650538381312635E-002
  8.170868376315983E-002
  0.187895492960030     
  0.253000219625954     
 -0.511409583560786     
 -0.528707174594593     
  0.446470553707437     
  1.008931618626800E-003
 -0.472811954148094     
 -0.335463665873383     
  0.289100108435735     
  0.464735665955017     
  4.141262362238379E-002
  0.333933754360973     
  8.617689950591409E-002
 -0.591115250936662     
  0.122489339622317     
  0.242141835632646     
 -1.989688449574496E-002
  0.262050240943739     
 -4.028871108805285E-002
  0.212246627359251     
  9.777959389139119E-002
 -0.335825682628038     
 -0.353314518425900     
 -0.405339310024907     
 -0.524208096026237     
  9.301549777394422E-003
  7.759184431217270E-002
  0.310210720080229     
 -0.421314383546682     
  0.150885121301735     
  4.216327594658108E-002
 -0.115040378265176     
 -0.331682373585361     
  0.293480447561490     
 -0.344496207804533     
  0.369155663908757     
  0.142774936683940     
 -0.340510653402555     
 -0.370827214691196     
 -0.108141967236930     
 -0.346107009912636     
 -0.530119167894278     
  0.427468324148357     
 -0.114390450274706     
 -0.504280371043486     
 -0.399834136365928     
 -0.103159739706941     
  0.189690479286667     
 -0.524364213068232     
 -0.417591088826273     
  0.177950134974840     
  8.614765681930943E-002
 -0.299016633340543     
 -0.332946771932275     
  5.112907719624761E-002
  0.198103954968264     
  6.750130777644936E-002
  0.138436565963276     
  0.388709521917954     
 -0.257274641064687     
  0.139329258455646     
 -0.341814219010324     
  8.657294686164697E-005
  0.392422942730284     
  0.487975848490983     
 -0.249294753671872     
  0.208160407988755     
  2.738944119534088E-003
  0.129774941540257     
  0.510553370073894     
  0.399019211524081     
  0.100037218145186     
 -0.437517714880132     
  0.132801838763399     
 -0.465287698158426     
 -0.488607502921124     
 -1.004800510382913E-003
  0.222680457018230     
 -0.520705619915877     
  0.282444993567098     
 -9.297427535546865E-002
  0.390622100859228     
  3.317728528982852E-002
 -0.538252670929189     
  0.414241525250131     
 -0.174889643137778     
 -0.414413704509189     
  0.486836958626559     
 -0.383862633768456     
 -0.486547867907489     
 -0.232962645971738     
  5.324273622143112E-002
 -0.210320485842978     
  0.226092720368486     
  0.583639575665203     
  2.902340552151065E-003
 -0.237004187394222     
 -0.109821232981254     
  0.429949927485259     
 -1.403413693136526E-002
  8.859081607738194E-002
  0.263053597556725     
 -8.140944865803232E-002
  0.454120727581103     
  0.516826880715620     
  7.706137149110633E-002
  1.746990120273010E-002
 -0.350094737926931     
  1.748689576697931E-002
 -0.519333216551436     
 -0.242979729594992     
  0.221195158494478     
  0.124972730168344     
  0.496707891771022     
  0.433554609857431     
 -0.283049612417208     
 -0.192898874180861     
 -0.378004693404289     
 -0.207439684280331     
  0.199957767511315     
 -4.321681918230363E-002
 -0.330005931234678     
  0.194535528544163     
 -0.358918328454241     
  0.450683023733375     
 -0.555591626940445     
 -5.119349622421963E-002
 -0.148996324885410     
  0.507280037174540     
 -0.500936539473540     
 -0.103976342763899     
  0.120864832625800     
  0.414533773563454     
  0.542945368342207     
 -0.438258841991505     
  0.465388748724903     
  0.135337479539005     
 -4.361652678128506E-002
 -0.565691082097289     
 -0.198677037942688     
  0.378265704648943     
  0.180438531969838     
 -2.068475464192079E-002
  0.287685299103104     
 -0.616107070330561     
 -0.231561477058844     
 -5.399476874081643E-002
  0.112261495277645     
 -0.369572572138407     
  0.417751668844901     
  0.300372364780428     
  0.265871228496879     
 -0.441749986228341     
 -0.374741468039303     
 -1.107659610761852E-002
 -0.237115588186958     
 -0.111921127121371     
  0.119895463798926     
  0.487545686822399     
 -6.685646572932862E-002
  0.180936378761861     
  0.119071350965833     
 -0.161073310691834     
  3.094936531576249E-002
 -0.132107737134358     
  9.037756169609690E-002
  0.268453317102543     
  8.704816637395320E-002
  0.127079039512407     
 -0.489499834407360     
  0.463651775649375     
  0.290634827724923     
  0.204307949178080     
 -0.500993068732021     
 -0.460833242809428     
  0.192269897473009     
  0.496746393352232     
 -5.886838898759933E-002
 -0.277288566254923     
 -0.446470929861754     
  0.112016642926327     
 -0.425576475847085     
  0.577259191047796     
 -0.482615035204579     
  8.245443523123258E-002
 -0.351154404795124     
 -0.603949858987968     
 -0.499170211574653     
  6.520100305466058E-002
  0.243019938713106     
  0.338209339663237     
  0.459477740966350     
 -0.215068077468728     
 -0.157871964042112     
  0.353965705902870     
 -5.737770257453834E-002
  0.194203548461338     
  5.878659004449548E-002
  0.270654192204444     
  2.447829692471045E-002
 -0.433844523108240     
 -0.618410922544288     
 -0.140792383822560     
  0.953337104250632     
 -0.250073524496840     
  3.153114511161008E-002
 -0.162675529537558     
 -9.182700421275464E-002
 -0.159538719497762     
 -0.301230317943067     
  0.456597829339037     
  8.213743897522725E-002
 -0.456892137226206     
  0.457208630598255     
  0.116900766861193     
  0.113718079652391     
  0.411695841209538     
  0.217646193469076     
 -0.386985205515958     
  0.276530436085158     
  0.163510238640977     
 -0.335020235425736     
  0.369669749290744     
 -0.494098039359174     
  0.816433156963820     
 -0.258187233599193     
  7.655831881068526E-003
 -0.336544328072209     
 -2.023453482803609E-002
 -0.262469658009915     
 -0.267850239849683     
  0.443530574998089     
  0.110207501794645     
  8.633744889392216E-002
  0.128484913863423     
 -0.412943486271155     
 -0.274812153103713     
 -0.198093804175214     
 -0.164394122779292     
 -0.144504020793754     
  0.327045359192320     
 -8.063929793388118E-002
 -8.566144947777736E-002
  0.128275632971023     
  0.466929975664669     
  0.568357900046068     
 -0.840707217313189     
 -8.297821132407557E-002
  0.333746416891767     
  7.122823539756283E-002
  0.267451306722766     
  0.272999861786578     
  0.312108900294902     
  0.289224740376400     
  0.444007952326496     
  0.249683801960737     
  0.285965584889733     
  0.363225550666234     
  0.172227411014751     
 -0.200187023062363     
 -5.045903380539549E-002
  6.800898308265867E-002
  0.431539392070819     
 -0.470989737624802     
 -0.274506991889306     
 -0.329510182936056     
  0.444272143933617     
 -0.425869848586294     
 -0.196215055549214     
 -0.331721293713449     
 -0.108168619250712     
 -0.273382562475444     
 -0.201822216333153     
 -0.146460204173564     
  0.340201225674562     
 -0.493729989598296     
  0.283150433406888     
 -0.143781932040472     
  0.441449391782934     
 -0.476931728470183     
 -7.614768961298751E-002
  0.146770573407841     
 -2.834950667257451E-002
  0.149740946928933     
 -0.517409122241909     
 -0.225914501649219     
 -0.203035569109599     
  0.398256347374987     
  0.294553834001646     
  9.921740022958415E-002
 -0.590734504203397     
 -0.579533428701510     
 -0.356835122267177     
  0.143836395066978     
 -9.795635885972330E-002
 -1.417773954400732E-003
  0.256554434318081     
  3.154755457500402E-002
 -1.360193268306355E-002
 -0.403050401408819     
 -5.270611140014012E-002
 -0.300896877429769     
  0.209637137604994     
 -0.263697137831763     
  0.264635921817207     
  6.019144473606552E-002
  0.390676943130075     
  0.106321732040642     
  0.313915579711276     
  -1.45106069973015     
 -1.740658461297668E-002
   2.62408360631600     
  0.517043939270880     
 -6.116777232504495E-002
  0.234672630792823     
  2.809304237985951E-002
  0.239659470728606     
 -0.214451298153797     
  0.311013912332450     
  0.300095095437538     
  0.282354398520865     
  0.301605925585106     
  3.431119493810356E-004
  0.145789205421771     
  0.520700165963317     
 -0.382130678216291     
  0.387342505177052     
 -0.561030710164205     
 -0.604150511843476     
  0.635599419380383     
  0.816713504173626     
  -1.18409609275422     
  -1.92375085126234     
 -0.417010795791169     
 -0.532907309126114     
 -0.616047033068169     
 -0.302780380267357     
  0.279561582617652     
  0.279111264392573     
  0.429213160230770     
 -0.528784331124946     
 -0.281495100389791     
 -0.139819512138582     
  0.177361106628303     
  1.531732469476475E-002
 -0.434459718592632     
  2.666312582748719E-002
  0.349772111658632     
 -0.481041628818250     
  0.104395162788817     
  0.736868961214400     
  5.821437807516736E-002
   1.01868604912003     
  -1.27840562747530     
 -0.778139842239348     
  0.573110353146118     
 -0.123980211313042     
  0.240925219015188     
  0.278300823833093     
 -0.280443327829564     
 -0.180899546906681     
  0.271148457480150     
 -0.250316278231312     
  0.144364251569643     
 -0.303760841592048     
 -0.522450551726389     
 -0.517604162443468     
 -0.480428001289957     
  0.125743108123837     
 -3.821440258291693E-002
  7.484417985471517E-002
 -0.272619812138665     
 -0.432595225679615     
 -0.136203746470790     
  3.248701262046698E-002
 -0.343049216662947     
 -0.617228123787744     
  0.513479987913678     
  0.463812838649722     
 -0.153135493019391     
  0.255966971040767     
  0.380771869549977     
 -0.129230784216238     
 -0.117842548895478     
  0.299071051622016     
 -6.658752791007114E-002
 -0.448818749638645     
  0.464268739009435     
  0.101129735643967     
 -0.364405738136212     
 -0.413682338744526     
 -0.508830586148993     
 -0.206842974905922     
 -0.500929309416018     
 -3.847414232825546E-002
 -0.257210417134397     
 -0.814952445875069     
 -0.588918937483549     
 -0.497366185938759     
  0.178775263000459     
  0.306367021742487     
  0.379706902021972     
  0.479007930551272     
 -0.408020529984500     
 -2.193096500539381E-002
  0.227574613217492     
 -0.300041242288025     
  0.161607548192655     
  0.532207749644872     
  0.522885837576336     
  0.378659935569994     
 -3.351595477833060E-002
 -0.115540800918084     
  0.180172147803836     
  0.206999196289650     
  0.355723508300958     
 -0.372995936316790     
 -0.541175709162987     
  0.489556644879867     
  1.652886555574566E-002
 -0.406357362555395     
 -0.274953024747042     
  0.497626004412630     
  0.330488539575619     
 -0.456651869819976     
  4.151699224640711E-002
 -0.428675697566521     
 -0.150035636632582     
  1.050665818908526E-002
  0.217977777555326     
  0.262416295738059     
 -0.495630007100822     
 -0.323201445943471     
 -0.499405737072666     
  0.539218447193228     
 -0.534844965842557     
 -3.273941624342791E-003
  0.170229030355471     
 -0.710554919127569     
 -0.128085272397956     
  0.286643313425324     
  6.971786308005419E-002
 -0.492842323551489     
 -1.288586190285458E-002
 -0.376129275381172     
  2.239441273864561E-002
 -0.234563712702598     
 -0.468408395356533     
 -0.400008271625319     
 -7.732181742653893E-002
 -0.139461298404152     
  0.466093442374096     
 -0.192488219985278     
 -0.240015098838711     
  2.565509655256772E-002
  8.666138272711155E-002
 -3.225778430879267E-002
  6.907927928776680E-002
  0.397667447832141     
  -1.10725571003690     
 -0.203648792925140     
 -0.481484098703274     
  0.378945602241224     
  0.293442063764415     
  0.515583399692498     
  0.436900329243138     
 -0.410782301247359     
  0.279765910762687     
 -0.360511050601521     
  0.507426301515528     
  5.593439107832744E-002
  0.165189102186671     
  0.558802834198142     
 -7.632602146696951E-002
  0.286122945096284     
 -0.407128119102683     
 -1.417162840021800E-002
 -0.580502977466739     
 -8.574778628433037E-002
  0.322005968315574     
 -0.714572445469031     
  0.164411611510798     
  3.653397533164251E-002
 -0.134486743450086     
  0.317507831450685     
 -0.203900021482116     
  0.251169195654158     
 -0.237138228535756     
 -0.378346134110947     
 -0.413121261139791     
  0.511787083931616     
 -1.525228450004544E-002
 -0.331616732080997     
 -0.479389845286490     
 -0.508546452597117     
 -9.280989529216846E-002
 -0.436759612341055     
 -7.860751274315479E-002
  4.823123497604187E-002
 -4.862739899431032E-002
 -3.446445643519785E-002
 -0.589465585313473     
 -0.456208407267692     
  0.316185767785049     
  0.251804035450711     
 -0.115939244138542     
 -0.362829851673059     
 -3.746259281233324E-002
 -0.255158539659021     
  0.345815899442727     
  7.561974213463098E-002
 -0.378399423901799     
  0.289446139554325     
  0.220649165383476     
  0.500652300588267     
  7.549967990824569E-002
  0.179508040185526     
 -0.484333441569808     
 -0.353056914865760     
 -0.296057584586243     
 -0.148432123389367     
 -9.168211053800962E-002
 -0.747343336395822     
  0.203824297489402     
 -0.521602353202534     
 -0.280096910460355     
 -0.481567995657450     
 -0.487988862725670     
  0.439301188498809     
 -0.301850148779932     
 -0.128755365814218     
  0.506587144555413     
 -0.494468381037111     
 -0.248373792561553     
 -0.144662539588879     
  0.442025999910580     
 -0.173975899867750     
 -0.486699091413111     
  0.447546430748613     
  0.472868439450439     
 -0.469594923365301     
  1.463531940471417E-002
 -6.064614304265224E-002
 -0.750250518883073     
  0.249989663240101     
 -0.117881123451566     
  0.410422805012076     
 -0.114612303455467     
 -0.213142571494270     
  3.262876403288889E-002
 -0.424089787385707     
  0.245218473134621     
  0.242726843092585     
  0.357218581407449     
 -9.129353175593656E-002
 -0.226204574342168     
 -0.183924212925819     
 -2.607168855766146E-003
 -0.402227740967896     
 -0.416027770981024     
 -2.481711466069167E-002
 -0.553574199479766     
  0.176207972204257     
 -0.297387194345760     
 -0.505087044506688     
 -0.464383204447746     
 -0.562526978572319     
  0.404638992408318     
 -0.347663600519255     
  0.458685964526727     
 -0.504040053900662     
 -1.642290721231015E-002
  0.395347251872882     
  2.787719702010882E-003
 -0.331988374077168     
 -3.111028490699648E-002
 -0.225224682155699     
  0.505935417851529     
 -0.522891983721292     
  7.447981167943467E-002
  0.373134981208049     
 -0.404447083873629     
 -0.324989168144466     
  0.437431825687974     
  0.106006692260273     
 -0.698320242512789     
 -6.594291590714293E-002
 -0.592185830479555     
  6.475498736998422E-002
  0.477003469445008     
  8.890549596377573E-003
  0.140348754042934     
  4.660156702318665E-002
  5.936745973444230E-003
  0.482008763976702     
  2.878331890370411E-002
 -0.499628393771824     
  0.106754208943402     
 -0.361958444182873     
 -0.499618065870904     
  0.163021556381281     
 -0.139985726402723     
  0.157971981346759     
 -0.256223283120429     
  0.156900120760588     
 -0.154494716131725     
 -0.183855360149275     
  0.441712005033180     
  8.891687792552799E-002
  0.513996980085004     
 -0.366777437635057     
  0.362012540234134     
 -0.407452727059580     
 -0.184649168091140     
  0.364085834371578     
  8.386035920104645E-002
 -0.316917841261390     
 -0.251840749034808     
 -0.419378511996374     
  0.372059613021445     
 -7.540795412148772E-002
  0.198875295684555     
 -0.527738408487808     
  0.360954958081956     
 -0.344999106207856     
  8.747260788347387E-002
 -0.126708657607561     
 -4.632613660802742E-002
  0.162072057122218     
  9.981630703015598E-002
  0.231829501456356     
 -0.204543528286613     
  0.505675226873840     
  0.486554075886244     
  0.447619500169249     
  0.409659784506061     
 -0.252192969717957     
  7.309019087100112E-002
  0.516977906022575     
 -0.227472757912003     
  0.520242141270464     
  0.204559980019932     
  0.446103680671454     
  0.179388405684355     
  0.493864664113179     
 -0.435262317893736     
 -0.163908021015160     
 -0.424277537467412     
 -0.247797118271583     
 -0.599744265093784     
  0.296628572881044     
  0.201591486556307     
  5.537822116131324E-002
 -0.218396076917317     
  0.534418977247967     
  2.840437544204823E-002
  0.466276780866247     
  0.397687583770484     
  0.177030322727417     
  0.486282873536511     
  0.269358217715853     
  0.475638568308082     
  0.277427486402788     
 -0.231011781080392     
  0.116017864918165     
 -0.100295120514412     
 -0.413524533039188     
 -0.297335454501729     
 -0.175169417037861     
 -0.663858934784021     
 -0.218469647471521     
 -4.013532602131191E-002
  0.404416907622413     
  2.681585906630205E-002
 -0.356518454595354     
  0.199242732679142     
 -0.181842555786222     
 -0.157009852188759     
 -0.284372536107970     
 -0.317688134665155     
  0.489873986135595     
 -0.460745979333102     
  8.261237674457519E-002
 -0.359381884874294     
  4.523513785895158E-002
  8.519984535415839E-002
 -0.320348896629864     
 -7.993055972576947E-002
  0.337730460276911     
 -1.331194941094306E-003
 -0.535169189318037     
 -5.334108022297906E-002
  0.228076877499532     
  0.502477941955091     
  0.393448885537090     
 -0.392394205945369     
  6.840910242794243E-002
  0.281701608571377     
 -0.436430969305913     
 -0.133199938434554     
 -7.988969960181461E-003
 -1.480331214857740E-002
 -0.312042798245788     
 -0.240439367628418     
 -0.362552152115948     
  0.181261544871950     
 -8.810057699802933E-002
  0.413754018042956     
 -6.129227804833359E-002
  0.245487784493367     
 -0.492692886846118     
  0.365666953402449     
 -2.315249308817162E-002
  0.144752033879920     
  0.219578528699887     
  0.498602616444105     
  0.292640134504868     
 -9.182370914420737E-002
 -0.212840194748723     
  0.220603592889361     
  9.680982384728970E-003
  0.177789260885767     
  0.385585667140152     
 -0.217597749503870     
  0.332165311645050     
 -2.356717963870180E-002
  0.425167797116988     
 -0.537516250309941     
  0.271908615719172     
 -0.287175932905384     
  0.257305784181162     
  1.963601919710263E-002
  9.591055595137746E-002
  0.171270318322945     
  0.269541221176004     
  4.445880596210108E-002
  0.199619162619531     
  0.404273567256701     
 -0.184954044028701     
  0.112703874961962     
 -0.434003561690699     
  0.235225292895113     
 -0.395106422767953     
 -0.132497855914101     
 -6.325462400895020E-002
 -0.417476180759087     
  0.316032641532581     
 -1.509310622735062E-003
 -0.242385210248356     
  0.337146783819367     
  0.155003253244803     
 -0.260159785479756     
 -0.293519485584482     
 -0.592696943228581     
  2.776296935125095E-002
 -0.548967146468972     
 -0.450011829034539     
 -0.176039367762801     
 -0.320098933816986     
  0.305288736886370     
 -0.486598802243404     
 -0.228168277785223     
  0.498837964914928     
  0.196813343672533     
  0.251523505285647     
  0.313517887067628     
  0.524771782810407     
 -1.273580867430556E-002
  0.410192162611382     
  0.274815077769656     
  0.206744488705206     
 -0.518561415643130     
 -0.299353983098085     
 -0.142549460253993     
 -0.136213876367315     
  0.101507486689244     
  0.250010382142139     
  0.198882868139192     
 -0.416884862319405     
  0.259566296599122     
  6.894146525972480E-002
 -0.490538061529949     
 -0.207859279572685     
 -0.452386805478548     
 -0.279835368877012     
 -0.429403956747334     
 -3.419496222641247E-005
 -0.368004469282551     
 -0.524032870807451     
 -0.458309745945774     
 -8.464303486653396E-002
  7.476496097422505E-002
  0.100508177312780     
  0.191034270956705     
  0.364935163672289     
 -0.169174883454915     
 -1.114361480219572E-002
 -0.530492997118471     
 -0.326965226025169     
 -0.480633651016044     
  0.201066794505269     
  0.346581764135595     
  0.401175375425742     
  0.149807006424726     
  0.170281416402318     
  0.277273491927399     
 -0.123354033706608     
 -0.191567373659507     
  0.197586257830903     
  0.306340209237057     
  0.474780383856329     
 -0.473141135416539     
  0.480538601619552     
 -0.575690214964834     
  0.511940564119193     
  8.948446950798099E-002
 -0.290039932003658     
  0.314345811302806     
 -0.293800483269492     
  0.368027212459207     
 -0.323587683392960     
  0.108057168313855     
 -4.188425759747090E-002
  0.500810716930086     
 -0.108961327389292     
 -2.513766542891887E-002
  0.489352116090246     
  5.904150197998789E-002
 -0.188155611640233     
 -0.405305543474901     
 -0.147609527358466     
  0.365522190190828     
  0.421040740117988     
  2.158760347331025E-002
 -5.654185208038080E-002
  0.154274710242527     
  5.294889005462521E-002
 -0.275003802770186     
 -7.929445580685011E-002
  0.455247687039885     
 -5.786529122035574E-002
  0.113544114510049     
 -0.173282729168297     
  0.530327738455506     
  7.820171942196819E-002
  3.766583214444966E-002
 -8.395892692261744E-002
  0.492956805571308     
 -0.321811346088701     
 -0.254456592772310     
  0.203489366784324     
  0.202329680968644     
 -0.171968588113625     
  0.336331434627146     
  0.137135610717622     
 -0.547076936408416     
  5.950104903924765E-002
 -0.253151894049013     
 -1.571345909661695E-003
 -0.364181172072026     
  0.307076774631024     
  1.646217954863679E-002
 -0.247764856689573     
 -3.164245137898863E-002
 -9.531008697233605E-002
  0.305254224070876     
  0.364317891875947     
 -0.530327921182975     
 -0.268568892859131     
  0.443997669122233     
  0.424092641727019     
  0.224215141796027     
  0.117551153034597     
 -0.371028426888756     
 -0.499418552858316     
 -0.129213745394952     
  7.517134539600968E-003
 -0.265367556194205     
  5.034730031897725E-002
  0.417016023734585     
 -0.217593840737414     
  7.642053370506431E-002
 -0.440261136710282     
 -0.295478019573823     
  0.273936848304765     
  0.330345360423820     
  0.442388095932132     
 -0.517787576235304     
 -0.522116805123129     
 -5.234796957933562E-002
  0.471230838916831     
 -0.379778459925263     
  4.317697726718363E-002
 -0.195813773413460     
 -8.208542777128879E-002
 -0.199537261738136     
  0.547999051318633     
  0.179266503545463     
  0.160806230336648     
  0.112649463636549     
  0.349715541213678     
 -0.465460441616042     
  0.330627524657594     
  5.309285822800673E-002
  7.133522696997312E-002
  0.193108784269731     
  0.306208158257391     
 -0.503300331775009     
 -0.362254208274190     
  0.471853538447573     
 -0.510626688147817     
  0.287138819131819     
 -5.011747356458250E-002
  0.505819932203545     
  0.525627084169470     
 -0.266520612785581     
  0.345107715377453     
  0.435899243627301     
 -7.131265923757382E-002
  0.214698243143403     
 -0.304511845554907     
 -0.373414401348998     
 -0.501949397612731     
  0.222158032851682     
  0.433660793796836     
 -0.197130949184472     
  0.243138086658020     
  6.860255900049338E-002
  0.351643132509277     
  0.433735437321277     
  0.142655554242166     
  9.194662412519938E-002
  3.525402939647594E-002
  0.356023397072212     
  0.159952597353585     
 -0.235609211364986     
 -0.183818521357703     
 -8.831939986721958E-002
 -3.640926321296366E-002
 -0.483981193538489     
  0.169431040857352     
  0.250256490732584     
 -0.560146900668448     
  0.196502433213008     
 -0.552379269073885     
  1.700130246332096E-002
  9.220103894501590E-002
 -0.391765535894839     
 -0.160899537965438     
 -9.283444966935406E-002
  0.480272130502114     
 -0.244925165144154     
  0.206131512440194     
  0.436784165080733     
  0.468822980952239     
 -5.638543515791834E-002
  0.120516494492230     
 -0.492385644990844     
  0.267656975741092     
  0.306452555578144     
  0.170626350768322     
  0.164666102329281     
 -0.302457900764704     
 -6.972580986109823E-003
  6.431834936860316E-002
 -0.236412997040425     
 -0.356903127640537     
  0.112690461432790     
  9.278193740278107E-004
 -0.483266888501466     
 -0.434857325262893     
  0.157762029604505     
 -0.132852856699795     
 -2.572993566246715E-002
  8.473397410692593E-002
 -0.304666502021738     
  2.950035426834647E-002
  0.201090142814986     
 -0.111611116165286     
 -0.417670223417236     
 -0.356191650295303     
  0.289518951343526     
  1.850554488793992E-003
 -0.514064745569091     
  0.369159824162896     
  0.387803168258749     
 -0.115170869384703     
  0.480395085829683     
  0.206085845701082     
 -0.128524869039130     
  0.198537167490047     
 -0.249821294277013     
  0.349867744121342     
  6.780660524583212E-002
 -0.255475375709509     
  7.168338814828232E-003
  7.116865619260637E-002
 -0.705684005376254     
  7.424100297907776E-003
  0.548316878998473     
  0.449665093764981     
 -0.953442146910305     
  0.700178904184297     
 -0.239854936999260     
  0.558891150916311     
   1.04387528379484     
  0.209509521551842     
  0.655985488841094     
 -0.336469226935758     
  0.668618335737679     
 -0.337165187110913     
 -0.272603713919155     
  6.134983260740309E-002
 -0.220636962447214     
 -0.440455495264057     
  0.264520899315916     
 -0.196862267375773     
  0.336024028402980     
 -0.443735878702551     
  0.131114809419851     
 -0.353081967335118     
 -0.248551419396540     
 -0.403579853044110     
  3.345816740399943E-002
  0.331686736831318     
 -0.340597499181683     
 -0.422088906126283     
 -4.820625319285599E-002
 -0.202271123303529     
  0.429379738610739     
 -0.414267657045805     
  0.403530946503184     
  0.145070427265280     
  0.198994134535719     
  0.494769229707093     
 -0.413058047870799     
 -0.266567023334223     
 -0.191844263772392     
 -0.326386876375241     
  0.415855694702403     
  0.287119580624377     
 -0.380814191190855     
 -0.344051650643696     
 -0.476014256715356     
 -0.371600604657625     
 -0.491298167290266     
 -0.248293296367639     
 -6.530598708694929E-002
  0.402492735601476     
 -0.304140704376221     
  0.307279628301684     
  0.449117194491260     
  0.313163191438987     
  0.334165793586315     
  0.324910603943575     
 -0.227066340946974     
