  0.447098940283421       0.247741684556202      -4.712198167409588E-002
 -0.659475001541452       0.185953199710297      -0.446921187586593     
  0.445713223752565      -0.304142373721868      -0.186979379971715     
  0.304180547626485      -0.572231228143655      -0.525294368548232     
 -0.365781573434129       0.186214321604630       0.109518517884370     
  0.489064475040139       0.109396510822522      -0.384480190900524     
 -0.255177529744673      -5.975372883759282E-002  0.234244031958682     
  0.425546359846385       0.246564803253396       0.277383095356841     
  0.350891509470402       0.240139773908725      -0.512702295667082     
 -0.441399976383504      -2.242584713038847E-002  3.761001860113130E-002
  0.437891034850495      -0.590069455985559       0.572125708721860     
 -0.444677539501028      -0.472015822731651      -0.643959202414991     
  0.460628855536788      -0.130523912436160       0.525125347654678     
 -0.351525421325539      -4.178361624672123E-002 -0.254669484996423     
  0.111604036777278       0.538260720025490      -0.183019204618204     
  0.290170672989478      -0.129773545806026       9.026385792480366E-003
 -0.154646191424036      -0.386307969425531       0.331618905542454     
  0.197342685537562       0.364517322612022       7.415524703845970E-002
 -0.499174095318539       9.501561110903341E-002 -0.345078220970479     
  0.360004285006290      -0.157023605181670      -0.151477249948235     
  0.382025916806867      -0.149815880820968       0.442857658031157     
 -7.310308916030085E-002  4.077985311838603E-002 -0.235705656028182     
 -0.469083745686663       0.164712557400250       0.590018105466399     
 -0.218581334971079       0.191562949116269      -0.108280983974217     
 -0.490116655883061      -0.397125832188579      -0.432314310972680     
  0.141722478605454       0.194637414650665      -1.853968092993498E-002
  6.893276657548845E-003 -0.715594916597205      -5.722025450328881E-002
 -0.755996392383870       0.216467189200684      -7.290192782315623E-002
 -0.542287223017695       0.283827536568516      -0.118791249021211     
 -0.928525533841631       0.565969400098396       0.294346269329148     
  0.588228420830123       0.103481166365212      -0.152896072309504     
  0.469181612316702      -0.407402526645126      -0.474294103000593     
  0.582885114251002       0.739964738847577       0.630960743690382     
   1.09146355598393       -1.03144921905724       0.668685814210718     
 -0.590588126108388      -2.062856250475894E-002  0.243896814210081     
 -0.465843917061148      -0.541177794485143      -6.695846882730380E-002
  0.514850300478573       0.334076479075463       0.238287558843486     
   1.30378043759464       0.261629703080983       4.961269560729914E-002
  6.273273499339965E-002  0.920524210867878       0.636415351752031     
  0.349323996117097       0.684408426162667      -0.490259388428205     
  0.644757347805982       -1.35951841546126       0.991317510018346     
 -0.978860058514417       -1.08017033574888      -0.323294819994351     
  0.669969001277951      -0.707722268237227       5.862630480172854E-002
 -0.873903091814111      -0.310791244410008       5.793605610302537E-002
  -2.59880090453192       -2.44553913913244      -0.862163055696268     
  -2.29974225514749      -0.359517917433359      -0.898270757994855     
   1.20347231481743        1.94851151857642       -2.05704447243215     
 -0.100276811259516        1.21895455961647        1.43379874965106     
  -1.40410144520855        1.90269121138502       -2.05894623247038     
  -3.24070299619798       -3.26406992345789        3.39146882106779     
   2.19265086857637       -2.51205297117071        2.13074128550635     
   2.64220664934864       -2.60646587269619       -4.79391789445399     
   2.12190722517471       -1.92382109711316       0.662168528299325     
  0.943964207725033       -2.11249905904577        1.31778364061048     
  0.626770637733019      -0.220801802075255        1.26386692899244     
 -9.594592897312855E-002   1.61065596436283       -1.71096616569911     
 -0.617727150291155       0.833929567450686       0.159044102767123     
 -0.206175108072136       -1.04453621563530        1.08162832872714     
 -0.525202977036836        1.59026630332703       0.443670778263647     
  -1.85503115230247       0.765690211187215      -0.124550993354307     
  -1.21781998975202       0.506292808245163       0.182860239545658     
   1.21516038496032       -1.19623739396342       0.958182799134119     
 -2.462429161565657E-003   1.20254760711834      -0.693542244367017     
 -0.473807548833759       0.455110866697270      -9.111553290260782E-002
   1.11127137663601      -3.828478307315929E-002  0.705161226902033     
 -0.641253220509067      -0.123829297615009       0.582288586499646     
  0.511342019874112       6.776773964091484E-002  2.313053614281402E-002
  -1.00111605545601       0.867483978067479      -0.242947683697409     
 -0.105387938018586       0.310602264239309       0.106328716227386     
 -0.317173060569155      -0.917012979300517       0.463754433400520     
  0.533980212367797      -0.110093489960681       0.203892197867182     
  0.612889865712513       0.658652978641512       0.490869097379650     
 -0.532029090649125      -0.129961724388603      -0.318229369890208     
 -0.120634893611245       0.170994413915969      -0.317373899601805     
 -8.316072634097613E-002  0.231257002528618      -0.451744778386972     
  0.396833574008678      -5.748148962213310E-002 -0.342431238901952     
 -0.503920124785402      -0.524269370738598       0.229429343794903     
  0.485915587615975      -9.523458106230967E-002  0.220627506059636     
 -0.508168143651700      -5.616419535493914E-002 -0.513861352321427     
  0.528819764707516       0.211936722085236      -0.623953455594645     
  0.661665676546226      -0.542520427605547      -7.234869957770276E-002
  0.468615314989449       0.195020187731354       2.192291578270905E-002
 -0.346706735646587      -0.392474551455765       8.388710795593726E-002
 -0.193556039631141      -0.329672037665638       0.210585061614002     
  0.265813322884555      -0.298853862138027      -0.215114526999561     
 -3.015454714953381E-002 -0.346056235862472       4.226162103254778E-002
  0.195816876790103       0.177522608980879       0.121296805694937     
 -0.695150338402535       7.751486509450747E-002  0.212670060283289     
  0.146371865152870      -8.327226832188843E-002 -0.310901099684896     
 -0.214456640005517       0.287441516009687       7.376881984293139E-002
  0.193249363682564      -0.439354732500459      -0.249262421986606     
 -0.221395334267729       0.201086827084432      -0.425973294819971     
  7.529428167848998E-002  0.243644647979700      -6.873324818865827E-002
 -0.447853686381577       0.119510275122166       0.242230133411595     
 -0.274198141322240      -0.165981171338347       3.622168867918017E-003
 -0.303186376820828       0.382099464309414       0.599077383903134     
  0.297766679605433      -0.198165167110515       7.254119460298782E-002
  0.313451320269369       0.211463541838646      -0.115430196005064     
 -0.478085777311336       0.460419060994020      -0.497300224277218     
  0.270952145634872       0.118194898576939       0.333310737836817     
  0.504662925284677      -0.571516094646512       0.366108283789047     
  -5.18472281773453       -3.53677982451684       -2.15469569067810     
