  0.135108047676170      -0.627152960402172       1.182058789079720E-002
  0.449176661650975       7.067524290208538E-002 -0.361005181890225     
  0.277981308902669       0.214182138373298      -0.438401171757864     
  9.001512271991415E-002 -0.357015358475528       0.472474062770157     
  0.136955283455951       0.437193477539661       0.659280689042668     
  0.684065055888710       0.314257923250634       0.410747617768215     
 -0.523541284531981       0.506824784116970      -0.738462121216648     
  0.343997792437908      -0.319700460894403      -0.391233917920848     
  0.319912444405729      -9.567918247290914E-002  0.186949536222399     
 -0.425655555642109       0.167951142417443      -0.326586055004122     
  0.276350711429480      -0.373393012861848      -0.967493187006778     
 -0.596524964504896       0.525333376145916       0.440832881644387     
  2.726388727408208E-002  0.159670362050729      -0.183950102944818     
  0.291892144557752       0.453431762422175      -0.517449241160090     
 -0.390547681052559       0.521703410309062       0.309594659381933     
 -2.756894709055727E-002  0.138867529128540       0.363134002476018     
  0.419346784148228      -0.164751810787402      -0.410675492313511     
 -1.731578841703527E-002 -0.720978604964254      -1.302136992659261E-002
  0.208123713569700       0.842503214699164      -0.422746344314954     
 -1.922702053181218E-002 -0.387771027674253       0.470148725671036     
 -5.970412654642229E-002 -0.794056637250340      -6.376199669054049E-002
 -0.381333746449026      -0.486149919781648       0.366472888202530     
 -6.747174034778099E-002 -0.321897202404585       4.923933847470453E-002
  0.783087768722654      -0.643923984873533      -0.723162105072425     
 -0.440910278337582      -0.595477102909128       0.400050425089883     
 -0.103637498492526       0.237888918094823       9.910667094370021E-002
  0.117604465090615       0.395334279232790       -1.09604658121661     
  -1.42003653974973       0.767795400059845       0.414669354294754     
 -0.969321613771461       0.958395308662364       0.241729894403942     
  -1.23165428031735       0.848143893277041      -0.496128341531357     
  0.132428305084416       0.507856680298463       0.451111995295625     
  4.616397416514989E-002  0.256985733675550       0.310991602328965     
  0.186518968999511      -0.582792899751911      -0.264615161052655     
  0.938650533546268      -1.308065131891017E-002 -0.431171304480674     
  0.559878301214772      -0.821907507658379       0.499905844195808     
  0.659590650082453       0.111515677322775       0.561255811315208     
  -1.69469539371086       0.543200092458982       -1.10044195797133     
   1.05191873432769       -1.18372911728834       0.494690008020804     
 -5.609661319942622E-002  4.233918107661414E-003 -0.996777227295502     
  0.738744869621209       -1.33429980890071       0.353473447161139     
  0.955382115491513      -0.847340008152249      -0.528548269973469     
   1.88838510438155       -1.66434939700008        1.65694699934061     
  -1.03402103782704       0.406817043287908       -1.96030171625425     
  -2.43371046603574        1.66418678758637       0.495745693497929     
  -1.71514660936051       0.661876987065334        5.15169431282079     
  0.799015665347818       -1.16124757380932       8.474756279275081E-002
  -2.16302673863427        2.23318209613821       -2.52364106996114     
  0.457961209369244       0.687482292354164       -4.24783328469022     
   3.34574352972785       -2.17085891899388       0.565276864075200     
 -0.305488356599766        1.58221467606770       -1.73216366991048     
   6.28689556514314        3.22465725463241       -1.79026203003752     
   1.73088139192335        3.47484986183317        2.92006442668747     
  -1.09470235822921        2.70833658022019        6.55482498023999     
   2.26275793040420       -2.68914013372441        3.29049282313805     
 -0.846723339046415       0.838797650793298       -1.80995932085667     
   1.10155185276029       -2.22242612639257        2.94772852879320     
  -2.18741642107431       0.859325044125651       -1.79686903115536     
   2.57472615057648      -1.457042397827861E-002  0.828623423123662     
  0.743661815222516      -7.354235870542107E-002  -1.36878872865903     
 -0.118922224486990       0.268776678704955       -1.02421318488682     
  -1.16933306591825       0.875009331569770      -0.207027271805620     
  4.436909205013106E-002  0.586749043607221       -1.56457721091205     
  0.250697292849964       -1.30115659378342      -0.146401951636170     
  0.447334007553134      -0.804432677734556       0.834826956315934     
  0.856299941138681       8.488526078547573E-002   1.03099440666602     
  -1.29280896197008       0.687819962827348      -0.375317109661571     
 -0.908880611897212      -0.862992578886875      -2.807129166251506E-002
 -0.208512767309741       0.377712604037815       -1.94622857819792     
 -0.755866746055062      -0.532481171546430      -7.225037425131356E-003
 -0.786380459268611      -0.712835030488307       4.121534517669013E-002
 -0.338643115310802      -0.476730478690229      -0.214019517459721     
 -7.381210172553879E-002 -0.236146090340745      -0.660795520025483     
  1.943651813645447E-002  0.848673701426752       -1.27829330804597     
  0.700454554780624      -3.483268489805387E-002 -0.125042044638681     
  8.847321816065380E-003  0.114954516648360       0.405451229214386     
  0.684636620897947      -0.335669903632717       0.236331205957364     
  0.283646370716425      -0.344628083638920       -1.03471446473340     
 -0.344588158554695       0.601567436223778      -0.146005897116316     
  0.596238116236588      -0.426583262995225       0.441135343514126     
  0.156428443389844      -5.975314196495898E-002 -0.567073071533599     
 -0.301930623407627      -0.724066418074258      -0.214810897054594     
 -0.161487835654434       0.360990946446106      -0.349554496643545     
  0.426376159462174      -0.632218754855796      -0.293366479959732     
 -0.419601491774893      -4.919089901585208E-002 -0.607537054120621     
 -0.170999479019621      -0.458517442666059       0.343443195033901     
  2.747148416753251E-002  0.261854211735052      -0.154137161519453     
 -0.222495038022894      -0.194219367342941      -0.621962058940391     
 -0.842288645413340       0.663148169235180      -0.282115393061934     
 -0.313489611059213      -0.263488309574773      -0.329245305901252     
  0.405586456051381       0.410811035311905      -0.680069788865497     
  0.407452552997609      -0.234885020185017      -0.237572486657708     
 -0.151892699996270       3.543169049518745E-002  3.787709096800873E-002
  0.152986559408753      -7.795834018137741E-002 -0.596258621522582     
  0.225122363471219       8.021443655730619E-002 -0.415031532958840     
 -0.551861430478748       0.414029962567908      -0.273307457982923     
  0.400764937525025      -0.354728100340309      -0.356348720418259     
 -0.378916517177424       0.527422151363782       0.585209660071419     
  0.311046176522932       0.567451487938706      -2.180545495855203E-002
  0.293593910752555      -0.228105510130398       0.102779237323304     
  0.578569644058687      -0.149218529583571      -0.317856134715780     
  0.321036825713290      -0.525391567345859       0.394113700564941     
  -4.08840512599583       -3.53574299996052       -3.60497352749332     
