  0.200337156747779      -0.263040064350829     
 -8.799553611589196E-002 -0.480636412382048     
  0.113335285591233       0.101196399628208     
 -0.400172282629761       0.250134979207331     
  0.208993576523066       7.271829089457499E-002
  0.727155754967542       0.439849757527995     
 -0.174226880667365      -0.277986227477744     
 -7.571267263866462E-002 -0.245011886541257     
  7.856323932911863E-002 -1.559308457481584E-002
 -0.374962332855377      -5.621348633783785E-002
  1.619010120006657E-002  0.512544196919704     
 -0.155747150489803      -0.297249131887967     
  0.114733321132375       2.030969777934363E-002
  0.186299958425259       0.251397325026693     
  0.219865605507812      -0.135723204309039     
  0.342155121647227       0.203119568541673     
  0.125769983568466       0.190607061946042     
  0.413717189182180       0.100923535146846     
  5.536324168868383E-002 -0.110876508517737     
  0.332840840599961       9.160149944403623E-002
  0.269551450078114      -0.258853435566427     
  0.212040611447826      -0.115177851675097     
  0.250378219684905      -0.466888037314526     
  0.276263495566413      -0.565472578270850     
  4.704611881995974E-002  8.428374144735827E-002
  0.267268631422007       0.144362463532599     
 -0.240816317994980      -0.371683600519323     
  7.121182265289616E-002  0.335189233655087     
  0.368945606668061       0.180634202472227     
  0.313451634583746       0.247364566180874     
 -0.283543377437220      -4.858186462726422E-002
 -0.204521147706438       5.209090215047840E-002
 -0.284021493945413       0.167793141444668     
  0.321531812087589       5.084658237627979E-002
  6.359577669282926E-002 -0.296356696716385     
  0.666625142659467       0.503608337877389     
 -0.421735080448914      -0.523158338778743     
  1.378135580129285E-003 -4.721750251316570E-002
  0.540918638859510       0.509027335743662     
 -0.124639147360574      -9.634075181758221E-002
 -0.196810050189010      -0.405634142363318     
  8.811191879469027E-002 -1.672631807233890E-002
 -0.304096755225112      -0.507952393084206     
  0.682533710501046       0.642729971096917     
  0.194416882756621       4.598817390836410E-002
  0.349451478136646       0.335765509280541     
  2.780993578439930E-002 -2.419248309845586E-002
 -6.508421870788401E-002  0.154135014137728     
   1.50277020436963        1.50313731681779     
 -0.299162809652209      -0.273807308826293     
  0.775173427981530       0.769954300961837     
  -1.07420968342352       -1.06802130696627     
 -0.393080896101789      -0.503690657790979     
  8.232867468536115E-002  0.197487982269642     
  0.400037891201292       0.298532611524654     
 -6.943050813863499E-002 -0.190663280530732     
 -1.167435398954558E-002  0.127851668655035     
  0.696043033758480       0.552192320273006     
  0.198985040315258       4.566646744329397E-002
  7.389945769517300E-002 -0.113282906464366     
 -0.495835905602633      -0.457490540326347     
  0.495047969760292       0.535559398477258     
  0.216866726866779       7.752479652902659E-002
 -0.315581959423922      -0.217806001933908     
  0.373536314616314       9.529346462235957E-002
 -0.291456888968760       5.857620637385396E-002
 -4.520584987658177E-002  0.245909782089349     
  0.523298244692087      -0.135094887737776     
  0.423131755498357      -2.296934716137535E-002
  0.245607403320674      -5.372737760365824E-002
 -4.889538792569728E-002  6.280232011987312E-002
 -7.455600725979723E-002  0.312022725081010     
  0.193918816620109      -0.313552229021358     
  3.878503018320471E-002  8.073515379158416E-002
 -0.295152177491483      -0.394799556231586     
 -0.333947045848603      -0.404976620382176     
  0.214800435066035      -0.361043000493959     
  0.183190708881143       0.496070599352329     
  0.232636426382618      -0.314363713698274     
  0.210910685123071       0.288146301031709     
 -7.607340003231385E-002 -0.483903698574648     
 -6.290445015287870E-002 -0.192223663400373     
  0.412161707758646      -4.614713522005730E-002
  0.513876342044544       7.240961197774509E-002
 -0.343520819590780      -0.312137420085443     
 -0.202817966549092      -0.141477343053795     
  0.148812018574926       0.477474808762482     
 -0.356868493520807      -0.243574305818149     
 -0.327499160088135      -0.286745838646860     
 -0.139619133310529      -0.318225366261358     
 -4.220701677854891E-002 -0.411069962078619     
 -0.179725375779507       0.138458314814154     
  0.231202076165278      -0.386329653335256     
  4.274672191999478E-002 -0.291095643146490     
 -5.715181805954810E-002  0.196086501552642     
  4.771042558975457E-002 -1.282666757819072E-002
  0.503845889348328       0.247310245913636     
 -0.545127632738966      -0.321216213662659     
 -0.222281830780884      -0.106279742847639     
 -0.395001020958887       3.804511489277182E-002
  9.756916057372729E-002 -0.360535446071984     
 -0.767643767893024      -0.623391299984081     
