 -0.470151144543132      -0.449943282500979     
 -0.503350963209151      -0.170816622273377     
 -0.229941129182008       0.142731633771965     
  0.356357325009606      -0.479097524544427     
 -0.410638495812840       0.193999829751654     
 -0.409551467564813       0.333163973181380     
  0.346628406407096      -0.499963925389161     
  0.362585636351672      -4.386003564081281E-002
  1.051372011449421E-002  0.169179888969029     
 -0.471630229837481      -0.194470973055877     
  0.342029038349716      -0.469347413493399     
 -0.527969050046502       0.284336653966987     
 -2.669719050973650E-002 -0.187727957643892     
 -0.374309985897312       0.393520705557600     
  0.183585402681501      -6.767831592196345E-002
  0.531591539975487      -0.466853270441749     
 -7.301265385971614E-002  0.246330197952175     
  4.051178466078562E-002 -0.359687530435061     
  0.117784049849581      -0.382856167322372     
 -0.164085808172731      -0.267714779147091     
  0.249638439064945      -0.156036462136512     
 -0.579777080394183      -0.144576068471702     
  0.147639358337939       0.335985838768709     
 -0.341927931068203      -0.515058884216779     
  0.443792400560007      -0.329083211646768     
 -0.347180225524071      -1.714458929122752E-002
  0.160551901448797      -0.649611509730133     
  0.256860085482246      -0.368353552241664     
 -0.237949129801417      -0.158493843205217     
 -0.446787034408286       0.301380984887587     
 -2.073674741675201E-002 -0.583521826286380     
 -0.459565879518477      -0.259173407800263     
 -0.404091129971516       0.613030957575193     
  0.484397048863149      -0.393392041966061     
 -0.131916782272067       0.115097190423201     
  7.674458735768022E-002  0.432626534149687     
 -0.557522935942251      -0.193640082363289     
 -6.631770800709666E-002 -0.362269701612591     
 -0.121300997215029      -0.139616585111192     
  0.222763129379479       3.117426712048263E-002
  0.270649304345437      -0.579067017507956     
  7.372281440230841E-002 -0.315258005735938     
 -8.357104182187153E-002 -0.101111630819453     
 -0.297382051806727       5.408959152374790E-002
  0.113744287610723      -0.590893953209058     
 -0.910559503854785       0.889035083099478     
  -1.75270351386582        1.71411633853349     
  -1.18256190536485       0.933774276793816     
  -1.42958224664801        1.42082801916381     
  -2.20739811178691        2.20402187912497     
  0.921779235416261       -1.02244596048620     
 -0.602219171564685       0.692310135022168     
 -0.850411160604145        1.00630598289730     
 -0.680359606506224       0.478794611576790     
  -1.00514689838020       0.994426918431403     
   1.05606614070559      -0.953796382743589     
 -0.312196038314536       0.365421501489971     
  0.554900247808838      -0.581805809309778     
  0.464232097966807      -0.802632463106696     
 -0.211660098251366       9.738958642379977E-002
  0.510709233279022      -0.348052586941127     
 -0.155043987846392      -4.655860833630217E-002
  0.380362780428066      -0.239875029567978     
 -0.433971376930344      -0.232402989737220     
 -0.380013971384049      -1.204703350853484E-003
 -0.361084573256968      -0.154340236666636     
  0.416727937599429      -0.357324087182517     
 -5.939185069729305E-002  0.574018936762820     
 -0.440715122678212      -0.334324099569091     
 -0.142723916418100      -0.266696706368215     
 -0.147092897594604       4.922049858842822E-002
 -0.248567292734705      -0.390448980146002     
  0.376031231216075       0.170994161687162     
 -0.254979605718907      -0.259299312782058     
 -8.187321586583085E-002 -0.269646846843602     
  0.149352131273808      -0.205819917767037     
 -6.098192359342246E-002  0.372155121845974     
  0.339445323687746      -0.201409966635079     
  0.385836631625990       0.319923671346634     
  0.256512351340620      -0.486172861296503     
  0.405893790882398       0.124409760601508     
 -0.463232248302692       0.102431368031186     
 -0.305816035236893      -0.475126754236829     
  0.452044679920804       0.466334906056684     
 -0.199681355021396      -0.192523752728044     
  0.247425295469723       0.464490998923179     
 -0.398370894900513      -0.355723330330908     
  0.572622890763564      -0.323716436171111     
  0.232709987198177       0.274201852826413     
 -9.105673252462908E-002 -0.274450832325327     
  0.271853839446490       5.597455286444718E-002
 -0.215213188791594       0.169875265671327     
 -1.770916469184156E-002 -5.963792729655973E-002
 -0.179910175765463       0.254186845733023     
  0.450463126680052      -0.570402496640081     
 -0.330823587675276      -0.415152767727159     
  0.421774638478068       0.470428886281182     
 -0.337067754093134      -0.304194666412335     
  2.765947248962796E-002  0.129949249180498     
  0.506424549624201      -8.218881017818525E-002
  0.530086791536516      -0.335013412435653     
   1.52114471115704       -1.66572733390240     
