 -0.356228199641711      -0.108140787534106     
  1.997590961936192E-002 -0.284828037669782     
 -8.955355554941458E-002 -0.309010657683679     
  0.277368902643703      -0.280465093081194     
 -0.136111626036937       8.060821116042621E-002
  9.360827650603336E-002  0.367273676185231     
  4.563024003493990E-002 -0.300773371812675     
  0.403322643984423       4.793365258528864E-002
 -0.354364148965091      -3.394669090327266E-002
 -0.452592567707309      -0.520435114366293     
  4.318897466968441E-002 -2.417180216371435E-002
 -5.540520364990102E-002 -9.683672611983354E-002
 -0.200707428217329       0.183094172064460     
 -0.287664228436429      -0.295046578596635     
  0.182889732859204       0.539617107494132     
 -0.249648154752593       6.692065537663855E-002
 -0.239907786696375      -4.862433094197804E-002
 -0.380326185916824       0.225403349997316     
  0.129168141395455       0.235849313249671     
 -0.237289556812689       0.323539647316536     
 -4.248960556886919E-002  0.252553843132042     
 -9.344976661323069E-002 -0.464416704498978     
 -0.173915159976705       7.803145653216227E-002
 -0.115876033547833      -0.288191930872097     
 -0.141926439606232      -0.199541866334947     
  0.459265483704635       2.678354047924739E-002
 -0.422281317397646      -2.280974477356131E-002
  0.331865532280864      -3.401396260198076E-003
 -0.313441130301846      -0.451597469772734     
  0.165804380841239      -0.277483416686816     
 -0.346632380912213      -0.415693080392370     
 -0.233667450286554      -0.114927188098241     
 -2.120871058087171E-002  0.358654877813419     
 -7.615004827301311E-002 -0.311689568904576     
  7.712492182202352E-002 -0.118622481550201     
  0.260367577590410       0.427253910752214     
 -0.339708020246495       0.234737473496530     
  0.276191410628385      -1.628476501528282E-004
 -0.556961280566821      -0.461913974012667     
  2.298889817184749E-002  0.214427197576004     
  0.264937215856332       0.290746633753522     
  0.526389638463171       0.154213734930363     
  5.029642022564172E-002  0.372967258864992     
  1.685665087084699E-002 -4.063966967942920E-002
  6.034872910225680E-002 -1.532398712691987E-002
 -0.576525521071909      -0.621653247182924     
  0.341732540444462      -9.280974910176275E-002
  2.907149060017940E-002 -8.795548451191268E-002
   1.31646947008594        1.32481298123802     
  -1.94586953790239       -1.95206686485386     
 -0.755502415407059      -0.762039671044298     
  0.344793761170677       0.188897901949685     
  1.395802219525504E-002  0.178078861692194     
 -0.909716914977600      -0.925469015096464     
  0.337017979608786       0.296792531721791     
 -3.486359986837505E-003 -0.164142529651894     
 -6.880014527650961E-002  2.232662424585617E-002
  0.295122450110148       0.522326235122733     
   1.15394538678883        1.18171564251499     
  0.321956511138227       0.319544758055151     
  0.350005429644417       7.926763379608079E-002
 -0.285479838840453      -0.339551770120947     
 -0.167862487117785      -0.225532406989810     
  0.168747232881767       0.129312710723631     
 -0.434894624048625      -0.496862298615209     
  0.170737374525574       0.471030784952627     
 -8.335315647533446E-002 -9.657405974135147E-002
  9.882444393884325E-002  0.290101059019442     
 -6.579231363857660E-002 -1.506458018949083E-002
 -0.305059713998370       7.796268087941165E-002
  5.000931480412774E-002 -0.344200660022883     
  0.639190923069449       0.374667398999431     
 -0.193956287843211      -0.243363481368317     
 -0.110388371514555      -0.283455282049833     
  0.246513672419361      -0.362883976063519     
  0.238669066135139       6.715923366338807E-002
  0.232972197480816      -0.148678212845766     
 -6.002824210308619E-002  0.219451980067180     
  0.411608251630319       0.190011358531118     
 -0.229574545984935       0.104329216538473     
 -0.177217728738447      -0.426216255099413     
  0.535483221922400       0.486533254562218     
 -0.246894010809805      -8.089072547867553E-003
 -0.311614792881507      -0.582905846315253     
  0.138947950395748      -0.294180705926708     
 -0.264039722316873       9.504417136264520E-002
 -2.601590710652691E-002  0.484071657595005     
  0.157056210227427      -0.167348648359494     
 -0.164302068664623       7.069190911839345E-002
 -3.918471824887383E-002  5.943233103377367E-002
 -0.325241990802305      -0.278254779256037     
  0.239097955706987       8.979353036939790E-002
  0.342354268555773      -0.177423286344977     
 -0.396382796872445      -7.460681820727402E-002
 -0.288738291909970      -0.166144249710270     
  2.872259349208990E-002  0.339921943486933     
 -0.233895994976046      -2.953197897909868E-002
 -0.189796708062436       0.249777023415593     
  0.120367135955542      -0.302268565175726     
 -6.233905493794878E-002  0.181849016848554     
 -0.435473941980184      -0.365424487401278     
  0.839100810691964       0.843321373437174     
