  0.387760166501617       0.340113526267692     
  0.222637852822914       0.466736611639046     
  2.421495123282103E-002 -0.196075871209248     
 -9.632081858667919E-003  6.994404213435801E-002
 -0.113100927109096      -0.270413456627038     
  0.406399783503414      -0.595801242407718     
  0.566916695178423      -0.193845364837517     
 -0.178590599009964      -0.169320203710339     
 -0.565705583500992       0.462119081933704     
 -0.615987201936350       0.439357460645253     
 -0.126731771080051      -0.371807875448429     
  0.392920830419863       0.325922546627830     
 -5.092431511979557E-002 -0.107983301555636     
 -0.260340033335143      -9.828107226055909E-002
 -7.315708150639529E-002 -0.374187437145267     
 -0.273553175905523       0.173136864334234     
  0.181066131336776       0.122406943020617     
 -0.398540593117271       6.308689020137723E-002
 -0.354505509666119       0.432705812260318     
 -0.338948131570201      -0.153014514164722     
  0.398662867491664       0.245753396530688     
  9.571062585730256E-002  0.102790973554318     
  0.574846443319739      -0.195753317031651     
 -2.111138763180971E-003 -0.112775072694072     
  7.050543451827962E-002  0.236506341520064     
 -0.278888329988134      -0.109729850451619     
  9.056906007416579E-002 -0.323228336965814     
 -0.294016396572406      -0.406387343477798     
 -0.193843237179310      -0.186054575673349     
  0.136451777301936       0.476932648271016     
 -0.159497564949744      -0.216550340672900     
  0.455748734593262       0.106674253015252     
  0.335698651919991      -0.199502160262386     
  0.570280992270037      -0.511603637856615     
  0.624187317464423      -0.219777886495462     
  0.155597862099387      -0.262990281074919     
 -0.111806017445441      -9.349749144910532E-002
  0.150382289795672       0.413840864987256     
  0.234049459720748      -0.200529151290564     
 -0.386674514457532       0.736161255732363     
  0.238782387344042      -5.163530203165382E-002
  8.803745356122364E-002 -0.472475923384786     
  0.558513246923034      -0.447561323840319     
  9.775326818132393E-002 -3.262194053386264E-002
  0.117529637390685       9.055778203333094E-002
 -0.966859476650767        1.07172707388297     
  0.397737822046567      -0.256089937199371     
 -0.715591883009054       0.615225265157098     
   2.93200033607720       -2.95619396384371     
  -1.49632202029344        1.44524860766134     
  2.273900031676963E-002 -0.228698822800738     
  0.877504554112490      -0.733693582278787     
   2.10147846170799       -2.10524364019195     
 -0.351924802383646       0.421799323010907     
  1.554220965470074E-002 -2.288526308272820E-002
   1.21556003639047       -1.17068711392165     
 -0.815931511223173       0.895827170169039     
 -0.224872583279036       0.375994752104985     
  -1.49855426700887        1.56371038077145     
 -0.441393534004476       0.502562180375087     
  0.362476369571989      -0.478384444963089     
 -8.463303477672995E-003  0.163514438370497     
 -9.743798523168204E-002 -4.288412214364175E-002
  0.611303615382978      -0.312367755658316     
 -0.247621814934372      -0.162727165263437     
 -0.666357335633752       0.833722547586729     
  0.108854711654962      -4.718492370482504E-002
 -0.660568550719451      -1.970756451136698E-002
  9.857375833345396E-002  0.329866215278956     
 -0.111969421101189       0.159466567521913     
 -0.489097149542018       2.214330773507942E-003
  7.825226402004752E-002  0.490338795243584     
 -0.117637504788348      -0.122776374259758     
 -5.077146992077274E-003  0.227255955235187     
 -0.214146359824165       6.165563893584917E-002
 -0.391844078144303       0.514902113347113     
  0.322224942744502      -0.431851006764201     
  0.289159586469831      -0.198041590668636     
  0.371288914278353      -0.348320495869212     
 -0.363722247309701      -0.161606379057851     
 -0.160333801501053      -0.366427884958590     
 -0.297826874917410       4.182300852210145E-002
 -0.304907928076046       7.398460804417169E-002
  4.039430415167173E-002 -0.255664904534817     
 -0.205796813669636       0.532303639439899     
 -0.473481736344563       0.236469954820578     
  0.553418392490693      -0.211471657929504     
 -0.382938324376892       0.496534700696289     
 -9.899995030402048E-002  0.422438783965174     
  0.312303235155823      -0.409420821804417     
 -4.953574415540446E-002  9.591050554834642E-002
  0.320156065028848      -0.443965440825717     
  0.149899573308539      -0.151574644005371     
 -0.329349255586346      -0.552757659905518     
 -7.694705176156573E-002  0.147441191678820     
 -0.358693363122405       0.261108905547118     
  0.115997181902299      -0.490626018972331     
  0.458433509294779       0.116957479067351     
 -0.478309859734671      -0.132569760771032     
 -0.323061890531148       0.347494068544704     
  0.124926460940608       3.687547804004068E-002
 -0.584371134439124       0.531896370918379     
