  2.821786207561160E-002  0.298848308473412     
 -2.238860643787217E-002 -0.190671470730698     
  0.138005329362067       0.244865577200752     
  0.138584511836561       4.839396949468884E-002
 -0.338183724916916       0.294866775898206     
  5.478829730674263E-002 -6.810183680977655E-002
  0.524028987021697      -0.507816062024252     
 -0.466968542813113       0.102574291374759     
  0.389655222232088      -0.294858684292735     
 -0.137827472136957       0.111694403155645     
 -0.299915043194317       0.119859241335856     
  0.164086621585578      -0.223943836320562     
  0.126938595322395      -1.831815417382734E-002
 -9.411141637056998E-002  0.464004100393540     
  0.122244123547995      -1.352933685927887E-002
  0.297565725920006       3.300869412814101E-002
  0.164669710513662      -9.034837286955012E-002
  0.497083412990755      -0.401207519193792     
 -0.144039830529365       0.463706198780708     
 -0.247291986267412       1.261637034880463E-002
 -0.363191778673785       0.136128484985483     
 -0.370788742082853       0.331941574417282     
 -6.880847765939480E-002  0.349617324596335     
  0.408592033489771      -0.298842585236420     
  0.464898827383527      -0.425646981423185     
  0.243812714227663      -0.455578139543755     
  0.178152898593313      -0.287789986620995     
   1.02860375012827      -0.989810680321621     
 -5.992268288267233E-002 -5.112682831125693E-003
 -0.386519114056054       0.110530022262112     
 -5.677659455739647E-003  0.390225624652338     
 -0.351192360648726       4.810137515880549E-002
 -0.208759947126012       0.562291051164232     
 -0.172818318864805       0.403837294413640     
  0.692197609017657      -0.647337736993085     
  0.288091340548446      -0.275981057960206     
 -0.390907815403523       0.452208351585950     
   1.55808185758259       -1.54805292332539     
  0.281501302324630      -0.503766455730546     
 -0.909211269269354       0.649533048672972     
 -0.218801456321640       0.213507917451677     
 -0.325464299170706       0.261222083753636     
   1.53673198447764       -1.59496868540816     
 -0.910053382774590       0.956068451398371     
  -2.76271707789184        2.67007336752024     
  0.192880273662846      -0.193040863025684     
  -2.18026699522513        2.17668774080742     
  -1.63371589574490        1.64155760548400     
   3.59955635023702       -3.60970056388566     
  -1.01989772683618       0.994144893472726     
 -0.699417802779817       0.608404462888704     
  0.958559730552664      -0.955735443694378     
  0.121869521726510      -4.587957604256534E-002
  -1.39747042885243        1.34641915190170     
 -0.495731092256502       0.601950765316007     
  0.175770978495124      -0.486227061071134     
 -0.212871261712933       0.353396053412153     
 -4.259045674628635E-002  0.195362222223015     
  0.799933827835611      -0.593092720472599     
 -0.796102937886775       0.663468178040391     
  -1.13091530111120        1.38699802515491     
 -0.685388583398831       0.439440762485089     
  0.611298581563507      -0.682062107041689     
 -0.353366681532362       6.595855420970757E-002
 -0.264273410412651       0.543018137531751     
  0.324108739015971       8.049883758556015E-002
 -0.187113896869166      -0.447650911480309     
  0.161657629849325      -0.395303161952494     
  0.233875104968096      -0.172338311458130     
 -0.544538603284988       1.399039967319592E-002
 -0.916517986805667       0.777149813108791     
 -0.253612601040323       9.424902636130082E-004
 -0.369892874627618      -7.423855659496024E-002
  0.118076044576126       0.188685559110215     
 -0.374585001770121      -0.221157302149499     
 -1.899357118880936E-002 -0.690348419217618     
  0.335869040634110      -0.383473117082056     
  2.974911975969928E-002  4.767425188409805E-002
  7.582259949351637E-002  0.296639265855932     
 -0.578693402412009      -9.908057753015385E-002
  0.142946931388800       0.317778341078087     
  0.429741488544644      -0.181533097189077     
  0.327623701741752      -0.102131919927650     
 -0.317999516319523      -0.146473938954156     
 -5.782076009142099E-002  0.398741834610211     
  0.375862965214723      -0.637213135846277     
  0.449337861878183       0.336522930076384     
 -0.109369857285237       0.546884105968877     
  0.244747577760691      -5.488960337072633E-002
 -3.066752699085593E-003  0.234548545578018     
 -0.474577649944941       0.446074649817760     
  1.351547215793393E-002 -0.429911206864194     
 -0.401322012249648       0.212959619273777     
 -0.589831000346130       0.533822716770465     
 -1.926223036573617E-002  7.856487639391747E-002
 -0.270744365406789      -0.259648266568849     
  9.178550136517843E-002 -0.154183003341249     
 -0.306576152503562       0.211555756068068     
  0.371827291321400      -0.304595933082731     
  0.206946959662414      -0.222009466903678     
 -1.496563622729486E-002  0.330657408640408     
  0.121065576975360      -0.141168230602210     
