  0.376962419136179      -0.241098423594399     
 -2.044372332981155E-002 -0.376239837140846     
  0.151722747528473       0.287256256995330     
 -4.966960241599316E-002 -0.440791733687889     
 -0.333495974034365      -3.583521898405205E-003
 -0.273564564117206      -0.226402905257991     
 -0.297673555239283       2.876689933010685E-002
  0.126246582485688      -0.168146950039843     
 -0.408846850159398      -0.487220920342551     
  0.171323160328977       0.379942228790495     
 -0.213221147333903       2.965891417424655E-002
  0.104022668371558      -4.352393750728790E-003
 -0.248622525869737      -9.426038121493828E-003
  0.114551205496952      -0.116512395977148     
 -4.928886590279821E-002 -8.716020199911319E-002
 -0.266476704867547       0.441354258399368     
  0.150070495727355      -0.478782447662721     
 -0.237496528960172      -0.177676952110492     
  0.233061112985467      -0.313106442931661     
  0.316309443970442      -0.169758707498126     
  0.260524347866651       0.349432741499735     
 -1.421082979982392E-002  7.410722763131885E-003
 -0.338992659244826       0.366741272653956     
  0.243057288319836       0.190153942928745     
 -8.437479222079811E-002  0.188238850528520     
 -0.181241286514770      -0.182851471643590     
 -1.397528229734811E-002 -0.212894192559373     
  0.222430956641299      -0.105208304346013     
  0.192932513121651      -5.178554671364179E-002
  0.190003077886868      -0.298066104165986     
  1.230871975415348E-002 -0.437415120426598     
  0.323608015868533       0.434658928388368     
 -0.162535632172761      -2.248394857471702E-002
  0.382753242604982       0.524662310965501     
 -0.374071111532245      -0.343197847702109     
 -7.804075888080601E-002  0.316380847482746     
 -0.140714818413704      -0.343329653704635     
  0.571692457543137       0.333257436088480     
  0.431786353462615       0.550183790556283     
   1.02796188961422        1.03690050666557     
 -0.359243985153931      -0.574841012011796     
  0.284159838073972       0.123205786377543     
 -4.997028562159621E-002  0.281951365497540     
  0.267377531912608       0.268382306900911     
 -0.516892000382041      -0.471388518241191     
  0.106256848072067      -7.151694927341984E-002
 -0.474829544653838      -0.480822937184670     
  -1.01785617224494       -1.01644537583540     
 -0.717595120796616      -0.717849530099146     
 -3.202806634041432E-004  2.179400028368192E-002
   1.17461135444464        1.18816426896312     
  -1.05373695017745       -1.04981190132056     
 -0.255642853855033      -0.128437593145844     
 -0.726873142773360      -0.697066938770956     
  0.271007129139431       0.271567439655600     
 -0.121157329018959       1.105106694567625E-002
  0.574504892963922       0.575165983498946     
  6.104943278227618E-002 -3.125525582265270E-003
 -0.589049143022336      -0.511072246609967     
 -0.313975505199542      -0.358818975503143     
  4.219518192215070E-002 -3.613413229377248E-002
 -0.140700141806565      -0.501730624753273     
  0.124552810175150       0.178712478984792     
  0.422686299925188       0.379902809865931     
 -0.120495604559583       6.156621221308164E-002
 -7.237457342681609E-002  0.317056579088390     
  4.078713023183941E-002 -0.198408190334505     
 -5.754031457681202E-002 -1.692739544636597E-002
 -0.297041536213725      -0.374633654107018     
 -0.386933634092661      -0.285759103960446     
 -7.307212107075320E-002 -0.211137322665503     
  0.122081296091975      -0.348272919358545     
  0.425490997244356       5.479833508330587E-002
 -1.981190890890866E-002  0.241683437366190     
  0.446199145457010       0.419970154443071     
  0.338729445042261      -0.446876121796297     
 -0.106533430091676       9.346495289332976E-002
 -5.364037127485126E-002  0.308039834805809     
  7.868588277917868E-002 -0.228715067660275     
 -0.392451814979495       0.163068491405297     
  0.509497748502147       0.229386469002075     
  6.562533654817136E-002  7.921521006448759E-002
 -5.753536219265393E-002  0.245095057938922     
  1.515807227889520E-002  0.326107992905744     
  0.219302060461830       0.293850349040109     
  0.192400355089073      -0.300555113460878     
 -0.451734855506963      -0.327859434249526     
  0.614215699430582       0.139405376977503     
  0.454182024527677      -4.605367443682163E-002
 -1.250273880670304E-002  0.479662147096039     
 -0.329933518759643      -8.804644087729885E-002
 -2.074499406585397E-002 -0.317860293102615     
  6.529810364952575E-002 -0.294537061312369     
 -2.755757881035424E-002 -0.120775148582543     
 -0.117141326275639      -9.717151384158822E-002
 -8.993192861035486E-002 -4.835463373087057E-002
  0.223434370270508       0.431617699799419     
 -0.352495288552004      -9.637515856563808E-002
 -0.210323732020809      -0.194181041326401     
 -0.347165529447354       3.779221369174674E-002
 -5.836842019804821E-002  0.455333700569678     
 -0.457079594630902      -0.569360017360740     
