  0.373735669983642     
 -0.282549590516307     
  0.360071276171594     
 -0.531476168346359     
 -0.378132669302004     
  0.427815628449205     
 -0.318698738075247     
 -0.336489199067289     
 -0.364152569630353     
  3.628306370663665E-002
 -0.648384336188187     
 -0.812179401877338     
  0.796182942294176     
  0.549916772437208     
  0.319148468333983     
  0.380880567763644     
  3.030631673206945E-002
  0.684539813238536     
   1.37805526030132     
   1.36173624490026     
   1.05038468351297     
 -0.760903926848817     
  -2.10011853184788     
 -0.624360771368469     
  -1.23292002684346     
   1.74678694640924     
  -1.58281251137114     
  0.736450277783247     
  -5.03804505398043     
   3.39933652200634     
   5.21996385576408     
  -1.16991193303969     
  -3.52783019894860     
  -1.07924241641315     
   3.82415602033379     
  -4.37085905923307     
 -0.321101305905561     
  -1.85366312353669     
 -0.902655226184610     
  9.520928720754022E-003
  0.943184083137503     
  -1.24095496230410     
  -1.25351899073092     
 -0.558525314767796     
 -7.294760842848587E-002
  8.868207674238458E-002
 -0.720371382582231     
 -0.813410286505142     
 -0.654127828703461     
 -0.249465084475879     
 -0.334119784015113     
  0.165063221801227     
 -6.564326917864588E-002
 -0.644271807692625     
  0.860842866302284     
  0.885343744985344     
 -0.120891958893510     
  0.217672468138318     
  7.365887342853444E-003
 -0.438646909078818     
 -0.393166026497308     
 -0.664093949372954     
 -0.425930068519487     
 -0.254971340036395     
 -0.303189265727567     
  0.298109473064124     
