  0.486513442664265     
 -0.143269912908826     
  0.110766403152006     
 -0.465874945409180     
  0.252178450114310     
 -0.210193837584256     
 -6.387069284586759E-002
 -0.280431846602427     
  0.426936103966291     
  0.591518414180364     
  1.873328395197275E-002
  0.434513985909088     
  0.327177776016198     
  0.296380819396052     
  0.405682521694412     
 -0.436846477724220     
  0.277645396065853     
 -0.358952854943289     
  0.279746058029256     
  0.260641449236776     
 -4.986370967055913E-002
 -0.355049182428911     
 -0.431468237695051     
  0.175831471017265     
 -0.117247687247638     
 -0.404343181927825     
  9.411664420935291E-002
 -0.187401136337687     
  0.139871784131584     
 -0.614763018234071     
  0.205992911679285     
  0.115921383266675     
 -4.359921235354770E-003
 -0.496324518524109     
 -1.068451511963448E-002
  0.100365929790011     
 -0.371247549270898     
 -0.519516103484910     
 -0.295481937137505     
  5.406261547022516E-002
 -0.449435585532952     
 -0.162033522120248     
 -0.209202398170333     
  0.482876308228532     
  6.792704539241766E-002
  0.189081440961508     
 -0.112804252827970     
 -0.450057494487259     
 -0.249393587661920     
 -8.177212105135103E-003
 -0.268572353128647     
  7.373504766384711E-005
 -1.179731252231902E-002
 -0.136717159187389     
  0.428273161521665     
 -0.501759621766161     
  0.366377841347518     
  0.136884455290579     
 -0.302554913169313     
 -0.415770858858519     
 -0.152192096058566     
 -0.493163766919083     
  0.313460228300784     
  0.302247500521716     
  0.290156601672104     
 -3.317773558958682E-002
 -0.354426706856993     
 -0.469617055617808     
 -0.135629626620184     
  0.245482120097382     
 -0.312987940221921     
 -8.157496707217289E-002
 -7.222018610049423E-002
 -9.787477030764276E-002
 -0.291964574036261     
 -0.128946287049153     
  0.237615407599462     
  3.889833278254888E-002
  0.126339049245789     
 -0.528872381115736     
  0.452395600422899     
  0.156791025619254     
 -0.175576094310052     
 -0.389429295184612     
 -0.466914691186888     
  0.258037648757093     
  0.295852398624526     
 -0.117357089838579     
  0.160456641986591     
  0.291816638785972     
 -0.234046598668485     
  0.241635788978530     
 -1.565582068698018E-004
 -1.924754018484309E-002
 -2.738325122810354E-003
 -5.034152333374221E-002
 -0.145310402614219     
 -9.413919810612881E-002
 -0.365102049840673     
 -0.228900884833165     
  0.355272173664861     
  0.394624715075001     
  0.421808543888109     
 -0.298639498970917     
  0.150052839540639     
  3.794538764875639E-002
  0.494749852752288     
 -0.193921596074410     
 -0.365858555684870     
  0.514480820125172     
  0.409561911170957     
  0.544167706895732     
 -0.313404207162511     
  0.210574349327120     
 -9.014446223762621E-002
 -0.202669782083112     
 -4.427825471536218E-002
 -0.568284886239990     
 -0.118376376089815     
  0.359555193626761     
  0.157209341681528     
 -3.849522016421305E-002
 -0.410693456305987     
 -0.372412004780106     
  0.289096992881190     
 -0.302917557223570     
  0.189135656834846     
  0.165838668950861     
 -0.580059935884567     
 -0.427373620325450     
  0.404293667966868     
 -0.266457706552405     
  1.545014889638495E-002
 -0.282063372253454     
 -0.541541963700404     
  6.618081081619645E-002
 -7.682952353100876E-002
  4.601318969416221E-002
  0.459393506261050     
  0.374773632774206     
  3.400771007887280E-003
  0.259974363075717     
 -9.599418972670440E-002
 -0.445026183174180     
  0.305714507929675     
  0.163358315732084     
 -0.185396458313922     
  0.461953621147883     
 -0.323382643222105     
 -0.408436486312210     
 -0.579439704918919     
  0.289417766272978     
  7.220696920582109E-002
  0.608593060330432     
 -0.424969756506521     
 -0.228762792844752     
  0.488788231943197     
 -0.218459374497287     
  0.312447868308159     
  9.427960778451919E-002
  0.165838821459308     
  0.416196040743647     
 -0.204685078873412     
  0.499702462290111     
 -3.645747521442657E-002
  7.826375980711736E-002
  8.339740719547226E-002
 -3.345977070270345E-002
 -0.421314041360693     
 -0.433531797001527     
  0.324591948054861     
 -0.574983509033474     
 -0.205063682590038     
  0.460719417170051     
  0.429932286036773     
  9.291790258774545E-002
 -4.942085531189275E-002
  0.238309505779683     
  3.986264249903132E-002
  0.108323670489165     
 -0.142333779434717     
 -0.241427240389226     
 -0.335073467947271     
  5.914267206824452E-002
  0.519604259905897     
  0.509163048882632     
 -0.427952577498288     
 -5.983305465677142E-002
 -0.135859927685245     
  0.437677305812207     
  0.250460003313940     
 -0.575228343307244     
  0.413700950181810     
  1.162575399918906E-002
  0.393396654701565     
 -0.268233795729971     
 -0.472718402861227     
 -0.372287380649728     
 -0.252064384550224     
  0.160027033949193     
 -0.519454284471768     
 -0.489295431514529     
  0.374649468669246     
  0.397267059858102     
  0.134973713293410     
 -0.395897476129361     
 -0.247451678796465     
  0.154831357288548     
 -0.188443640942129     
 -8.006253899878694E-002
  0.369302762118961     
 -0.489658585367955     
 -3.156801463712594E-002
 -0.106343135265899     
  0.415015158915505     
 -0.185608813130708     
  9.104747527026665E-002
 -0.305559198696321     
  0.112163634473069     
 -0.244520386546523     
 -6.504719507100175E-002
 -0.172103229654268     
 -0.362977973214666     
  0.467772631937886     
 -0.458278593948294     
 -0.305720973887153     
  9.287107194935489E-002
 -0.299614605236895     
 -0.173893438299372     
  0.312939432113025     
  0.373438513671957     
 -0.464838664482564     
  0.169464740946426     
  0.210416285714567     
 -0.192128081038030     
  2.353926137452979E-002
  0.478302453969495     
 -0.197377568538593     
 -0.555286791424515     
  9.738725019383748E-003
  0.199984160623250     
  8.204984771057472E-002
 -0.591753224331348     
  0.402531805263385     
  0.365235332962456     
  7.913431559479286E-002
 -0.398835773111773     
 -0.290284423787090     
  0.282643115493192     
 -2.019651955137871E-002
  0.112434629070311     
 -0.201904670117090     
  6.911741805944899E-002
  0.445347934044678     
 -0.430092951337263     
 -0.573748789553689     
  0.434146661142951     
 -0.314188196363165     
  3.911160307721633E-002
  0.342440640159943     
 -0.343594856816194     
  0.153693360961744     
 -4.280599421637962E-002
 -0.461920214181616     
 -6.374544828267178E-002
 -0.334182124809558     
  0.324287597831305     
  0.134625508655702     
 -0.350692645218581     
  0.190020302227620     
  0.509669277020989     
  0.232522157764167     
  0.180197042110456     
  0.292655467599310     
  0.475148863394195     
  0.270006673702443     
  0.384596463277711     
  0.490855866287413     
  0.431882475358144     
  0.279258611225503     
 -0.340659118413897     
 -0.279595886434562     
  0.154723026000428     
 -0.144960318572466     
 -0.167009833816446     
 -0.181262882905170     
  0.169736957221647     
 -0.114254181089957     
 -0.281363037918926     
 -0.335218298732574     
  0.248431084145528     
 -0.180937428504145     
 -0.113820681340710     
  0.271837398141495     
 -0.157673644059452     
  0.240854020229289     
 -4.778999692608376E-002
 -0.251425374157226     
  0.213379316290937     
  0.451917991047729     
  0.360245324273741     
 -0.438233347843720     
  0.183693690217087     
  7.926511312986877E-002
  0.104449299115695     
  5.809037644402842E-002
  9.186937918530465E-002
 -0.414474575973563     
  0.126266696396976     
 -0.162253084130662     
 -0.382205292326490     
  3.646588263605327E-002
  0.341185020992966     
  0.153062310244566     
 -0.269589504988513     
 -0.439314241946587     
 -0.291954977828001     
 -0.373649600226186     
 -0.169616870399222     
  0.437403765672047     
 -0.232032943307973     
  0.649247742047647     
  0.378513057269335     
 -0.470630857982426     
 -0.390360784938421     
 -0.243898142442266     
 -0.220087720159532     
  0.330058195028534     
 -5.919952201805274E-002
 -0.518841419007908     
 -0.268423402623311     
  6.733172955925935E-002
  0.177685663681115     
 -0.490895658156703     
  0.253082131299985     
 -0.112797331175399     
  0.245392135449370     
  7.841260809087980E-002
 -0.387088465200946     
 -7.547248683504447E-002
 -0.323823250401000     
 -0.452568941614409     
  0.123776034650198     
 -0.552427464644442     
 -8.069905813884318E-002
 -3.195953029657295E-002
 -0.156630944197172     
  9.753836923767714E-002
 -0.392393997883175     
  0.184655632429697     
 -0.189121266431195     
  3.244817708962982E-002
 -0.114566020738197     
  0.382275117439762     
 -0.320792981811738     
 -0.172380152388107     
 -0.365629200053856     
 -1.183200858522699E-002
  0.300704474107843     
  2.517961730832827E-002
 -0.141645316762739     
  0.392923130083006     
 -0.255027876869542     
  0.175396265655579     
  0.239466395251318     
  0.159049395110312     
  1.717235753763485E-002
 -0.228649640833657     
 -0.181066517949297     
 -0.468115231215242     
 -9.079590421004663E-002
 -0.124258579987055     
 -0.455889466398103     
  2.006277326795299E-002
 -0.366728759219887     
 -2.030350610101120E-002
  0.249683395813012     
 -4.843574016783478E-002
 -0.256320266217221     
 -0.329204272786733     
 -0.250723473437959     
 -8.411934996896031E-002
  0.312936466381182     
  0.540606465286898     
  0.880007699654509     
 -0.282314744152071     
 -0.562196509349258     
  3.748876132407373E-002
  4.999288933204823E-002
 -0.802320345712880     
  0.248361954996385     
 -0.459546119882364     
 -0.256318884144273     
  0.350212352950643     
 -0.431053441171639     
  0.288078501527465     
  1.965706834170268E-002
 -0.256431752714123     
 -0.157877247794125     
 -0.131916357487509     
  4.841619014099000E-002
 -0.181706067134845     
 -0.213112402248461     
  0.602468854814995     
  0.500143163460490     
  0.428657666542095     
  7.286765109974615E-002
 -0.343893455443471     
  5.600247421820956E-003
  0.353213495937032     
 -0.285455581510172     
 -0.480341761161047     
  0.199176847902490     
  0.305297074722113     
 -0.210256438658335     
  0.170012694698765     
  9.273878597841417E-004
  0.439701421670792     
 -1.535375210568273E-002
 -7.086676804309489E-002
  8.832015801119192E-002
 -9.114680826910586E-002
 -0.529899938365688     
 -0.125791940424087     
  0.348004482342462     
  0.124759231059465     
 -0.129473775443890     
 -0.517932274445692     
 -0.445838448807866     
  0.102882429482334     
  0.370475120044649     
 -0.680034882491226     
  0.123677688595409     
  0.343309382580121     
  0.398492733130394     
  0.166959549179822     
  0.463655716278620     
 -0.356240331884498     
 -0.232190584259492     
 -0.407983211801575     
 -0.453774963259809     
 -0.150266040887698     
 -0.210911993503469     
 -0.324122989373052     
 -0.473965344443742     
 -0.223479325850948     
  4.000274206508374E-002
  0.291581427733344     
  7.796034879978686E-002
 -0.156668224221255     
 -3.340674271234595E-002
  3.131630218854869E-002
 -2.864201303064695E-002
 -0.144690825795526     
  0.333573478774235     
  0.189038612311232     
  0.128710433658997     
 -0.313022469289200     
 -5.326798964769622E-002
 -0.218989345473528     
 -0.376785499211774     
 -0.494196632558993     
  0.204663590454405     
 -0.464295679858803     
  0.288544596230414     
  0.303951689353383     
 -0.454520734154639     
  0.108126829852789     
  0.592744083124854     
 -0.736430008351656     
 -8.838235330133372E-002
  0.247121635003115     
 -5.720532024606149E-002
  0.379383523002654     
  0.148855243921650     
 -0.518493936177683     
 -0.448898421842452     
  2.534079680626038E-002
 -0.366416851185448     
 -0.381670085646272     
 -0.117631509521213     
 -0.294661523693822     
  0.205564279077284     
  0.258413954863684     
  0.477547315365916     
  0.454399785204068     
 -0.512444909454673     
 -0.208646359965129     
  0.324329949688364     
  0.155691785727907     
 -0.439179265187884     
  0.133708217170097     
 -0.149445506488170     
  2.669690509888449E-002
  6.629215107716459E-002
 -0.120370728077226     
  0.171502075836810     
 -0.396865070905202     
 -0.501985257038204     
  0.382530005508497     
  0.372959965947568     
 -0.524256496316393     
  9.310475522901877E-002
  0.389017462290578     
 -7.739613067057696E-002
  0.393376201589105     
 -0.330561616594943     
  0.392258324337328     
 -0.163062047170568     
  9.790860904890152E-002
 -6.747693142951426E-002
 -0.329633788857288     
 -0.142956418482051     
 -0.478464304514840     
 -3.093516952133559E-002
 -0.951903576783824     
  0.401922913247735     
  0.363001386807134     
  0.300323668233712     
  0.347785789687497     
  0.432449895282088     
 -0.271653325425568     
  0.180457772986963     
 -6.010421987801847E-002
  0.103640536889666     
  0.427237942238707     
  0.277759134786307     
 -0.121938248146934     
 -0.192139452221226     
  0.242261193460250     
 -0.271525917292916     
  0.112962492142479     
 -0.827800831760715     
 -0.430645529711784     
 -0.425651260373023     
 -0.218865557964550     
  2.124672782179014E-002
 -1.032973976587808E-002
 -0.349653547835349     
 -0.370564706874500     
 -0.107993992927739     
  4.728512962036863E-002
  0.297199421708239     
  9.503109916700352E-002
  1.215823688413845E-003
 -0.549399565264368     
 -0.312353587358695     
 -0.429247603445728     
 -6.012129918092829E-002
  0.110592635358108     
 -0.103643730909012     
  0.449179853379787     
  0.264209565101702     
 -0.264500839074263     
 -0.376690377294271     
 -0.415662203265563     
 -0.244264439577520     
 -0.176971421223953     
 -0.220049016330814     
  0.289112309523035     
  0.437204903233439     
 -0.488961442635830     
  0.132762473973687     
 -0.112893996033337     
  0.347628538003123     
 -0.524512905694484     
  0.369623425258563     
  0.359966921977693     
  5.381954872287092E-002
 -0.452118028007378     
  0.497236882150951     
 -0.272071293420055     
  0.114359239219881     
  0.246593303217183     
  0.587083497918112     
 -0.879859455875248     
 -0.850405201562860     
  0.278840786562406     
 -0.917015118408723     
  0.612338868009427     
 -1.991151376782786E-002
  0.404572859090487     
  1.830113493661930E-002
 -6.984147523739673E-002
  0.400350263473002     
 -0.449847438817158     
 -5.010248960515561E-002
  0.214469137971911     
  0.434276583607713     
 -0.392338031783196     
 -0.207260949997507     
 -0.407863396928114     
 -0.434723283352482     
  3.773614383321621E-002
  0.715955213176437     
 -0.467655767275981     
  0.537281649421343     
 -0.791920419569605     
 -9.384200352394020E-002
 -0.119329159961358     
 -0.816913580118747     
 -4.848830642392182E-002
  0.183650902489234     
  0.219926592177760     
 -0.430840381258755     
  0.115781769022779     
 -0.481715874690077     
 -0.463187434790365     
 -0.281582320630968     
  0.415754684153427     
 -1.226841803396200E-002
  0.228568800618550     
  0.359086751357043     
  0.495103982523308     
  0.279537250683724     
  0.337418137111123     
  0.141846366111996     
 -0.715400680404134     
 -0.716539635350954     
 -0.261193418181383     
 -0.713313262672467     
 -0.390443581697150     
 -0.181136937169066     
 -0.461431680325028     
  0.175934018160108     
  0.221308952900374     
 -0.374877764977035     
  0.145965320016635     
 -5.370204714516839E-002
 -5.337632083990056E-002
 -0.258180660360914     
 -0.242217979718799     
 -0.279816950079611     
 -0.291409319974033     
 -7.604986950511790E-002
 -0.212909248040870     
  0.162669927212926     
 -3.745983659332106E-002
 -0.291359358686919     
  0.266730770415915     
   1.27925153591391     
 -0.966877230591718     
 -0.326343427129478     
  0.260161915801758     
  1.833064127097625E-002
  0.275965205837700     
 -0.542711490897795     
 -0.401364388762666     
  0.488928728034733     
  0.520197620457237     
 -0.378380622663723     
  0.153842635099580     
  0.464465523195020     
 -0.190028113294902     
 -0.435987671211167     
  9.709258431710302E-002
 -0.352876848027004     
  0.113805095381967     
 -0.482961825870196     
  0.872480097883146     
  -3.35832849255419     
 -0.488616778340852     
   2.21595421825700     
 -0.298665896800113     
  0.476498129838051     
  0.425726724202145     
  0.116756132515875     
  0.274915222741002     
 -0.251448838834608     
  0.146733987391758     
  0.423751848442242     
 -0.308443535353339     
  0.515454306111134     
  0.227051104964012     
  0.278778810053794     
  4.231374989739627E-002
 -3.983134573611217E-002
  0.389635168101921     
  0.411751125699355     
  0.436393474769964     
 -0.786407963414645     
   1.31562543178459     
  -1.03769688028062     
  -2.98446823269313     
 -0.266433706556461     
 -0.670732390933869     
  0.468516765730735     
 -7.492776504253908E-003
 -0.168988372713197     
 -0.508942893825122     
 -0.154760610862489     
 -0.372778009273316     
 -0.235102869352249     
  9.818133817433844E-002
 -0.208728829567355     
  0.260028742261360     
 -0.494403480259074     
  0.275334296928530     
  0.301273677450283     
 -0.206474417918584     
 -0.140104598648961     
 -0.183688597783783     
  -1.15927938172348     
 -1.913156006337435E-003
 -0.836321545992764     
 -0.260436736963425     
  0.135241895398415     
 -0.733142316633603     
  0.440556060555074     
 -0.219073446096363     
 -0.409689824585480     
  0.131740241163891     
 -0.166012632056821     
  8.360527421036308E-002
  0.512129475816234     
  0.201145222397026     
  0.340682316760223     
 -4.857686104538857E-002
  0.378207317997573     
  5.136335746273610E-002
  0.327566563604660     
 -0.306498184453426     
 -0.267473200068384     
  -1.04726431596957     
 -0.202611822628979     
 -0.367410571774777     
  -1.07114321760317     
  0.829141971480406     
 -0.459980275161966     
 -0.276993070398759     
 -0.439102715572892     
 -0.396188448715109     
 -0.223502097337156     
 -0.354122104091646     
 -0.108354279108245     
 -0.363902004515830     
 -0.382993176776724     
 -0.362895494760549     
  0.257080318661758     
 -0.423829929305059     
 -4.063628825262368E-002
  0.693986686394169     
  3.596188362968995E-002
 -0.245726657132253     
 -0.709424116007092     
 -0.266317298094040     
  -1.08468265348748     
 -0.643535946415810     
  6.609841242748732E-003
  0.416033408885710     
  5.438327463616970E-002
  7.471513817703140E-002
 -0.121323141658821     
  0.502514803221566     
 -1.089302257092912E-002
  0.340256367362406     
  3.800317539131921E-002
 -0.273981221309711     
 -0.456422757485155     
  0.363641132032469     
 -0.322795604600923     
  0.222105868914533     
  0.580588267240310     
 -0.465602422017912     
 -4.590199476843296E-002
 -0.465390759558104     
  0.109221518885699     
 -0.905717832561327     
  2.906035916482883E-002
  9.098774166110621E-002
 -0.643789250698811     
  0.473477747822769     
  0.167759380217343     
 -0.370942441489095     
 -0.345780335236013     
 -0.514741355626557     
  0.465947062489346     
  0.110373776352661     
  0.454194171040994     
 -1.035719371565123E-002
  2.053087408300921E-002
  0.125331588750664     
  0.494787944445350     
 -0.248103909077202     
 -0.107523819648834     
 -0.370496639987388     
  0.271326660669937     
  6.196731820851578E-002
 -0.603204571587699     
 -0.742471729707454     
  0.581100897518640     
  0.103736687246617     
  8.624451396469775E-002
  0.273732876844960     
  0.427551270577763     
  0.387209892572615     
  0.272358606819292     
  0.433101416594796     
 -0.415362657805216     
 -0.384934532499017     
  0.406414090715084     
  0.239681523166301     
 -0.207148249335485     
  0.367252870474126     
  7.977038639902724E-002
 -7.511272125802937E-002
  0.128406976189440     
 -0.176666882635096     
  0.129857150112175     
 -0.642324643316356     
 -0.331929062220533     
 -0.701766694254899     
 -6.697646598958440E-002
 -0.314886504209712     
  7.371706896427260E-002
 -0.507334574621199     
 -0.472024093057842     
 -0.360737775540826     
  0.352599804474712     
 -0.425988444981916     
 -0.545283503119307     
 -0.313177325768347     
 -7.787969001272832E-002
 -1.477687089362464E-002
 -0.252540342823272     
 -0.455175147344932     
  0.159452598470633     
 -5.098079123768740E-002
 -0.226413166351120     
 -0.179526369648442     
 -0.853837485077355     
 -0.237090590798552     
  0.601095923880725     
 -0.183786662263125     
 -0.595171722069781     
  0.428304259169453     
 -0.468666171199150     
  0.176631853470226     
 -7.685134058623197E-002
 -0.416140149878850     
  0.394616532352176     
  3.236541440102859E-002
  6.038525187559964E-002
  0.443797349353766     
  0.336726383934084     
  0.367353481496222     
 -0.374359899034729     
 -0.405586774478709     
 -0.489934690857982     
 -3.786881050545685E-002
 -0.116310906762136     
  5.397744009584704E-003
 -0.509235716452704     
  0.161073657890477     
 -0.293481062930937     
 -0.337606084634461     
 -0.325518227425694     
  0.470634891799725     
 -0.327185768986493     
  3.852670451021444E-002
  0.258202876874370     
  0.367085938806214     
 -0.160720105448009     
 -3.931613067555949E-002
 -0.223516194142126     
  0.189515620412402     
 -8.538151963730194E-003
  0.431901349311018     
 -5.509216202623755E-002
  0.111322797631192     
 -0.333697195325300     
  6.820090065258304E-002
 -0.124822047810623     
 -0.560795559450690     
 -0.459243245816454     
 -0.524365932803144     
 -0.325169030645039     
 -9.592624300975704E-002
 -7.105298818761351E-002
  3.320254022607409E-002
 -0.364025602137840     
  0.485839742058431     
 -0.315130299724479     
  3.905536422486611E-002
 -0.355873111583318     
  0.400476556394740     
 -0.295562268323871     
  0.145945218254733     
  0.573279392370974     
 -0.156800058265399     
  0.401211459416299     
 -0.569148150522990     
  0.338378562734288     
 -0.788942357967858     
 -0.263019343949421     
  0.523086686061313     
 -0.156315695411588     
  0.106844063068868     
 -0.440914948119994     
  0.462386765318789     
  2.757274316989261E-002
  6.570951448570747E-002
  0.391241290264886     
  0.116330579900606     
  0.365213555292643     
 -0.335807781469008     
  9.796359310625215E-002
 -0.345943652685970     
  0.356145044769389     
 -0.191495585173512     
 -0.584173619007260     
  0.185306072041028     
 -0.429059919089119     
  0.414132893817691     
  0.185645227077443     
 -0.320717732193662     
 -0.235412914425877     
 -0.669145124529903     
 -0.130221833683508     
  0.360146226886265     
 -5.324861617083738E-002
  0.526107086283743     
  3.025578743992170E-002
  0.192370686172723     
  5.209526491147251E-003
  1.994568350515140E-002
  1.757108665312825E-002
  6.880332242505180E-002
  3.819052435143841E-002
  7.665155473957333E-003
  0.435416477659779     
  0.353852699980208     
 -9.130014456971887E-002
 -0.809147885599213     
  0.278953421176710     
 -0.171464810931577     
 -8.193376132760792E-002
  0.159144881357411     
 -0.518295518491809     
 -6.346483460568812E-002
 -0.145384517448429     
 -0.189246027110496     
 -0.257700718633318     
  6.662276381982421E-002
  0.292839155526780     
 -0.303039208181835     
 -0.246329457326939     
  0.433655647655091     
  0.372627997059705     
  0.293833995739979     
 -0.236220829945617     
  6.652592865847065E-002
  0.379678609199546     
 -3.710749159919023E-002
  7.320255876883809E-003
  0.170382618795744     
 -0.137228012883849     
  0.500000630180970     
 -0.263759707422411     
 -0.574866677142596     
 -0.510076595973686     
  7.928885868323407E-002
  0.487780913025468     
  0.473712681873007     
 -0.488891812066088     
 -1.152111394588512E-002
  0.483923147693341     
  0.169308993413339     
 -0.414826027161479     
  0.128383403925862     
  0.551400866196597     
  0.463700962555190     
  0.435716086168968     
  0.422120234483909     
 -0.127167926586382     
 -1.416977949187365E-002
  9.988295766284738E-002
 -0.349859096075265     
 -0.462364071629594     
  0.304895107097659     
 -0.141515348257317     
  0.357123431261759     
 -0.544729856163947     
  3.472846365213810E-002
 -4.190104856363352E-002
 -0.442068772485885     
  0.205910312275867     
  0.331665849651919     
  0.177509011724308     
 -0.112418908551894     
 -0.440224989472499     
 -0.161779298444648     
 -0.516603190226625     
 -1.330623528070183E-002
 -2.375605416309452E-002
  0.248619311117991     
 -0.220896608532430     
  0.145826083693293     
 -0.357137971499614     
  9.499572011674171E-002
 -0.439395908063806     
  0.268286786129228     
 -8.004864610805627E-002
 -4.533830136761036E-002
  0.411227240835362     
 -0.280698376832462     
  0.146182981121613     
  0.395744179300977     
 -0.231433252661489     
 -0.281691175598663     
  0.168466295703865     
  0.304832632033147     
 -3.515293097015978E-002
  9.531550394294125E-002
 -0.348399611067945     
  2.495821470814422E-002
  1.039863733273451E-002
 -0.182999729942216     
  0.557918423434616     
  3.808735137291115E-002
 -0.143696346110299     
 -0.454366273415673     
 -0.347732034898554     
 -0.374734946015715     
  0.293471415907852     
 -0.102589251570486     
 -0.435666554366690     
 -0.224354496401011     
  5.850080363815744E-002
  0.471989700531187     
 -0.377871778212573     
 -0.319573100640209     
  0.273303160621982     
  6.039583395150800E-002
  0.180037574714546     
  0.191769446111979     
  0.245281953176386     
 -0.192890481027765     
 -3.278594545673717E-002
  0.329580883294779     
  0.489764398393698     
  0.111916186258646     
 -5.547459618848347E-002
  0.100803395327066     
  0.206996791713171     
 -0.242355452409142     
  0.197634638227361     
  0.601359337274188     
 -0.143980799752862     
  2.470969213698562E-002
 -0.378407245268483     
 -0.313912651644972     
  0.426010044947368     
  0.137811806342214     
  6.410884334715311E-002
  1.452481827041265E-002
  0.242920829788133     
  0.189567870758733     
  5.348639804055018E-002
 -0.306596778234765     
  0.595915020403752     
  8.996854141149514E-002
 -0.178102147253313     
 -0.359906469044513     
 -0.234143529931766     
 -0.381286727312792     
  0.471010385327133     
 -0.278884576786166     
 -0.276372718144398     
 -0.186602085382504     
  0.376553920803714     
  0.320834789320689     
  0.474821332823470     
 -0.204855421982154     
 -0.196089751772287     
  0.198167657422077     
  0.477695035253637     
  0.151471601315745     
  1.810496799321760E-002
 -0.230291181125856     
  6.717091128355800E-002
 -8.123794502094030E-002
 -0.672534825267958     
  0.124293345496170     
 -0.182980370604630     
 -0.307179848853564     
 -0.172200787385444     
  0.382246635224981     
 -0.115325070690037     
  0.143177539490087     
 -0.324945784005233     
 -0.500422474773246     
  0.122818269823280     
  0.369976237710305     
  0.458593780355979     
  0.266808245436580     
 -1.319536174010904E-002
  0.491555815400597     
 -0.415987809104151     
  0.356688101344747     
  0.427704129799081     
 -0.203824232380683     
 -0.199414241644207     
 -0.350139959368218     
  4.508359255469964E-002
  0.424631655663869     
 -0.519563683426699     
 -0.456329387266658     
  2.630719226765691E-002
 -9.297399819037785E-002
 -9.972185640718081E-002
 -2.387897551771540E-002
 -0.193682850589547     
  0.304903715812340     
 -0.459594418916148     
 -0.279204428388512     
 -0.307889009424251     
 -0.419103120382100     
  9.398024237085430E-002
  0.485258505351392     
 -0.469490704293991     
  0.130441317733735     
  0.336907987344824     
 -2.636695669693089E-002
 -0.182466595484777     
 -0.327262127949761     
 -0.444941641704239     
  0.215237581847659     
  0.110102792003576     
 -0.403601746552970     
 -9.088865055448012E-002
  0.184323879081981     
  6.932490266331728E-002
  2.872177757699411E-002
  0.414705231024594     
  0.378083607823889     
  7.501144725626586E-002
 -0.150285892521619     
 -0.210490392517790     
  0.190733047927647     
 -0.191322340320981     
 -6.301758132557282E-002
  0.488530158942622     
  0.171643870068004     
 -0.404080130118460     
  8.087145970495233E-002
  0.183072308704042     
  0.467997690102718     
 -0.376589767096631     
 -0.342414603668833     
 -0.101763517578946     
  0.213470786082454     
  0.364294756967079     
  0.393945110254790     
 -0.564309579652971     
 -0.149693536884740     
 -0.346149398791111     
  0.359464863175077     
  9.154270366175979E-002
 -0.513125831422609     
  0.267030993044535     
  0.494024978791878     
  4.577857192642940E-002
  0.127492540724628     
 -2.592345858606213E-002
 -0.472279148441676     
  0.311903781763981     
  0.249362751498441     
 -0.293578133324608     
 -0.610504760358114     
 -0.362169980909060     
 -0.536795594876251     
 -0.125316385232174     
  0.667655801026357     
  0.463611197051969     
 -0.207220907612038     
 -7.059467569322814E-002
  0.205660523848988     
  0.369457830281313     
  0.281051318606464     
 -0.479772716414740     
 -0.178256022401656     
  0.293974894587789     
  0.354142313473534     
 -0.364428093895284     
 -0.249693299995870     
 -0.336632609332323     
  0.297366903639149     
 -0.219810698444484     
 -0.399614873589442     
 -0.124054818423987     
  9.658301453773066E-002
  0.392910550640545     
 -0.340386879686026     
  4.342246910427205E-002
  7.206778800254635E-002
 -3.637509554506323E-002
  0.297695930866678     
 -0.393886267758544     
 -0.338485152369270     
  0.131507939639563     
  0.432485641648951     
  0.290782174904979     
  0.141267759911145     
  0.214656943531218     
 -0.101300287524831     
 -0.476832087546514     
 -1.634763744943110E-002
 -0.670171250246605     
 -0.217966016938706     
  0.307126252577881     
  4.372511799593889E-002
  0.265649051429791     
 -2.890313864018557E-002
 -0.513135297810935     
 -0.171367132828900     
 -0.473048798676639     
  0.259267068739378     
  0.502520998639396     
  0.207992196863834     
 -0.242539474773159     
 -0.165268485611708     
  0.118843060093357     
  0.187970791342412     
  0.242756593099092     
  0.370994158302357     
  0.159429018715389     
  0.138668833115188     
  6.468873010223047E-002
 -0.266833305056449     
 -0.671036573029274     
 -0.296069414899399     
 -0.188147644558715     
 -0.303383103789048     
  0.149849107065461     
 -0.220084344649564     
  0.166227944881885     
  0.282582964613810     
  0.143990577136921     
 -0.261674294043116     
 -0.372000775259899     
  0.333596820952646     
 -0.364971139623670     
  0.329789819645205     
  0.177328867498510     
  0.241011797544196     
 -0.384503628638754     
  0.182467932376751     
 -1.861688481745269E-002
 -2.274136342417308E-002
 -0.313086844039488     
 -0.429542597240455     
 -0.330599230512676     
 -0.113002057057392     
  0.339369988894114     
 -0.329253726781596     
  5.599265671857036E-002
  8.347365091413050E-002
  6.082020223179251E-003
  4.843680012808770E-002
 -8.823708017368249E-002
 -0.205504614118508     
 -6.784265040213391E-002
  0.300591982082568     
  0.342621646721883     
  0.514062114342486     
  0.238578269290855     
  9.189212267813407E-002
 -0.494445345543332     
  0.101443146595349     
  0.312369177934871     
 -1.696262312129457E-003
 -9.613124490716141E-002
  0.523667796604353     
  0.360617174324248     
  0.151847859749366     
 -0.296203158394331     
 -0.505793414041675     
  0.543572770298446     
 -0.195598992062699     
 -0.255258372956586     
  0.357816465497876     
 -0.484400529475038     
 -4.785401737547517E-002
  0.148703983854452     
 -9.616246044435198E-002
 -0.478518778909110     
  0.415623965975448     
  0.104997241460699     
  0.280719214985286     
 -0.230142454735201     
  0.199496701101344     
  0.259263584738723     
 -0.171861445428562     
 -0.483383688027735     
  0.401774464857627     
  7.258513963965428E-003
 -0.480629192037601     
 -4.086820118314017E-002
 -0.103135027491759     
 -0.105307237481611     
 -0.333263073464088     
  1.342451644293782E-002
  0.287452973559904     
  5.702275590529380E-002
  0.269687602628931     
  0.220006919664315     
  0.221823703843639     
  0.518114125489126     
  0.140886735461703     
 -0.359988689945454     
 -0.240652030278216     
 -0.108311848334642     
  0.104079682680124     
  0.446522355819939     
  9.995188617084646E-003
  0.445538509251622     
  0.425779810292307     
 -0.167530453143638     
 -0.534357332584871     
  0.191019187457606     
 -6.510505096921063E-002
 -0.543189332432696     
 -0.541430103204876     
  0.586664721526037     
 -0.142365238057226     
  0.720419828181669     
 -0.752406954085078     
 -0.665906138748827     
  -1.16455915758669     
   1.28573958986911     
  0.870032047934384     
   1.81631397304785     
 -8.780884849084561E-002
   1.81467263756704     
  0.963428827732401     
 -0.672786018411956     
  0.512864426256439     
  0.712013348833650     
  0.615870967484452     
  0.129561590879711     
 -0.678130243825036     
  0.276205331547818     
  0.755976736066274     
  0.120752783442184     
  0.492342210599427     
 -0.203969412320260     
 -0.113764600051954     
 -4.143962631435300E-002
 -0.475569778838709     
  9.873927677023486E-002
 -0.488675421901722     
 -0.167810239795574     
 -0.386533857857979     
 -0.474492186031766     
  0.209842119496291     
 -0.183142084145010     
 -6.884952781837422E-002
 -0.153798095793799     
  0.115577383534342     
 -0.490606603488225     
  0.374819852358824     
 -0.402303221707650     
  0.489801665135890     
  9.708170051865883E-002
 -0.347560316605354     
 -0.446164832632810     
  0.307684881666606     
  0.260210707367736     
  0.361739483992761     
 -0.244060906639399     
  6.847029141447114E-002
 -0.219527465603207     
  0.402026065239849     
 -0.147469710656166     
  0.476749550767605     
 -0.269811013947197     
  0.286403864834717     
 -0.409849825631576     
 -0.345974239382717     
  0.211035823079172     
 -0.120565370612024     
 -0.341993826885889     
  0.109830654030977     
 -7.589225737321553E-002
  0.479042729512000     
