  4.335684182888193E-002
  4.338905675246514E-002
  0.168357060614514     
  0.568287304958469     
  0.374264694510646     
 -0.144067309465564     
 -0.347606599331862     
  0.605355414116283     
 -0.759019119309791     
 -0.729799926733823     
 -0.125301503237069     
 -0.215365828608211     
 -0.465948116911755     
 -0.687816681359141     
  0.613596874210805     
  -1.05935890500760     
 -0.791653884280401     
 -0.990891697048941     
 -0.422266817004877     
 -0.294718256897787     
   1.18260895839109     
  0.393083116473450     
  0.559707090183505     
   1.34762314024247     
  -1.37753896124256     
 -0.240794174798386     
 -5.937503602331657E-002
 -0.892579430676307     
  0.673075321140679     
   1.28882570860682     
   1.42409188156638     
  0.800412865481088     
   1.14970206639060     
  0.922780343490996     
   1.23901323094544     
  -1.47916818324007     
  0.554997564298934     
  -1.04417397014316     
 -0.353703203116421     
  0.308223952132771     
  0.745927900500399     
 -4.589150131951956E-002
  -1.91970209402172     
 -0.450472579197403     
  0.288293779967461     
 -0.252547659199771     
   2.60162217490464     
  0.146407004096677     
   2.10592726661398     
  0.275293793105711     
  -3.39265278764855     
   1.47983650228961     
  7.429252553785624E-002
  -4.22570287644237     
   2.87838069604558     
 -0.477955393139047     
  0.511543412057181     
  -1.42015396293305     
  0.265870288299172     
   1.73760623471093     
  -1.80333437081386     
  0.327294070217572     
 -0.581731672950612     
 -0.937731055871769     
  0.275368672012620     
  -2.41997099752048     
 -0.252353567292817     
  0.807928525135779     
   1.57905457832545     
 -0.390003462019250     
  -1.58708189628545     
  0.909925134988964     
  8.881269933912454E-002
 -0.947343982911315     
   1.28066447923531     
  -1.30325879639187     
   2.18641853172575     
  0.147379743773916     
 -0.417840956933472     
  0.236472154254429     
 -0.875103945544846     
 -0.865428004727931     
  0.522522350340485     
 -0.722332175610237     
  5.373323235226605E-003
  0.910618550659067     
 -0.840360309361409     
 -0.172204080152451     
  0.101666172050962     
 -0.170272138584920     
  0.622667789418862     
  0.489304662765445     
 -0.628406294197103     
 -0.525940917430996     
 -0.134369784340430     
 -0.443354087304539     
  0.449823059254723     
 -0.109026356811122     
  0.723082524184913     
 -0.101406781036565     
 -0.602780934601899     
  -3.84456058491423     
