 -0.165478626434653       0.393589134503146     
 -0.202143976722196       0.227326966637010     
  0.222601056392600      -0.349672876807247     
 -0.118521435984130      -0.370035821859583     
  0.200510795560491       0.510489586312895     
 -0.262982365940340      -0.313959617633894     
 -0.323084321823658       0.313917049799208     
 -0.383158542464177      -0.145797924494715     
  0.484590727485962      -0.392978101407153     
 -0.313903480653105      -7.739897354400972E-002
  0.124750230831278      -0.482700753580825     
  0.153115149024753       7.305756191065864E-002
  0.302424161475296      -0.120357201403731     
  0.175275403611743       0.201679253848005     
 -0.500391507381402       0.426853022998215     
  0.198929762816498      -0.400440944071844     
  0.345902783670818       0.325168481120887     
  0.161448254826720       0.370652012004363     
 -0.202409128011347       8.012437616749377E-002
 -0.225469797409802       3.385152747372931E-002
  0.308179791145166       7.870486278135878E-002
 -0.161921891303018      -0.220022425054931     
 -0.234637739727019      -0.136540443356210     
  0.154615436813624       7.766126071688692E-002
  0.161267574651721       0.463579114335637     
 -0.248783308864960       0.117023544518817     
 -0.610159327157235       0.680196457660902     
  3.203491105174557E-002  0.137716068873682     
  0.446686520638490      -0.286708409040147     
  0.140936065539688      -0.320468973757098     
  2.667125104914244E-002  0.521759743172905     
 -0.101509397222200       0.460773908089157     
  0.109345674556187      -0.284182609464024     
 -0.354840636912257       0.120235660153564     
  0.221395277058979      -0.473982131980550     
  0.100040337471568      -0.212867835683293     
  0.650193544701159      -0.269217164104733     
 -0.419893652482666      -6.739994610395612E-002
  1.524401288044118E-002 -8.478423745906277E-002
  0.468912737951465      -0.101689839241357     
 -0.581497065244530       0.532975837680012     
 -6.674058923675487E-003 -5.751165293501236E-002
 -0.371108529441503       0.295994333953005     
 -0.177984507812608       0.118471572503672     
 -0.223351050559209      -6.162343317337041E-002
  0.597399425135565      -0.409831113774253     
  0.725266742034809      -0.728696355655084     
 -0.802151873902328        1.01079245340471     
   3.07729884852485       -3.00253310586244     
 -0.465699496403296       0.454277277446935     
  0.632038383098342      -0.520175330663898     
  -2.83160879981425        2.81030235015113     
   2.67609741501413       -2.61165976272193     
  0.322053632524924      -0.305539945665730     
   1.64291970933473       -1.71615963541193     
  -2.50215035199507        2.55489114003760     
 -0.581150341898986       0.577126564954000     
 -0.282513523408424       0.218960957349213     
  0.220925376463318      -0.259451507872937     
  5.287426698687277E-002 -0.176458052356618     
  0.266259976934724      -0.331138531599145     
 -9.261364936997744E-002  0.168054431753889     
  0.862213258715572      -0.622055314294867     
 -7.780875455594995E-002  0.283629337847467     
 -0.321040373087600       0.439745066222752     
 -0.392998891060936       0.459104055014426     
 -0.149502765881867      -0.487671216634382     
  0.471372873915910      -0.645854402082873     
 -0.172930444630016       0.542112220329330     
 -0.207006016849447       8.351002106710088E-002
 -6.090350553904816E-002  0.330542175806472     
 -0.294046861400629       0.221051970467208     
  7.430879588617995E-002 -0.105178538578364     
  0.118327372968252       9.751779667801960E-002
 -5.351996650228180E-002 -5.440660263068295E-002
  0.518545471172693       0.299057133199623     
 -0.288497988103221      -8.036241912044280E-003
 -0.338622178806658       1.648625294195899E-002
 -0.264636579103397      -0.391989070300882     
  4.748333804840443E-002 -0.340727755723261     
  0.237689198610733       0.280100827235988     
  0.328346024859595      -0.510829518156226     
 -0.130125685022434       4.659164991082474E-002
 -0.407425847317548       0.299129639906100     
  1.127432839219521E-002 -0.190606832109640     
 -0.293954467210290      -0.234057725993471     
 -7.606106497058844E-002 -8.849617980608504E-002
 -1.704803711880393E-002 -0.340473678882724     
 -0.339312415376605       0.349837638670158     
 -0.215169771870467      -0.182703437356767     
 -7.697263432066541E-002 -2.301272921102793E-002
 -0.208829086499796       6.815463904972877E-002
  0.360657887200961       0.102391388565628     
 -7.582098705241722E-002  0.442313486313691     
 -9.269838466591204E-002 -0.380287309171975     
  5.049489390532461E-002  0.280993525443836     
  4.182499368820729E-002 -0.138403221291656     
 -0.300444113224927      -4.868338815729818E-002
 -0.126627084914840      -4.596706297122848E-002
  0.182146825029120       0.170466644076387     
 -0.213242484145639      -0.358840045834976     
 -0.438319530600433       0.637209980953103     
