  0.392534422610254       0.106472825084429     
  0.490284020343159       0.370245251599111     
  0.454318513059674      -1.901560259375479E-002
 -0.307925609624102      -2.399848174772673E-002
 -0.143746525363197      -0.323314252726099     
 -7.011504692462456E-002  0.519384581531166     
  0.127149455323813      -0.385635360080475     
  7.525404671881691E-002 -3.747653728085187E-002
 -3.629158244710788E-002  0.243704590011866     
  2.980109766750106E-002  4.880112760958796E-002
  4.514922185275623E-002 -0.143079484805546     
  0.225925155300076      -0.313856706031138     
 -0.114394942911030       0.373281014020621     
  0.386323886809177       0.121893383298113     
 -6.910741483218177E-003 -0.215026437308850     
  0.173146754176027       0.421372492408959     
 -0.335279113295573       2.495677496592693E-002
  0.161844765021575       3.692671377790358E-002
  0.235853757211611      -0.129175366270260     
  9.813751951125368E-002  0.274644956452787     
 -0.289134040967177       0.255913646970956     
 -0.339111614861486       3.118283575528174E-002
  0.198676481697906      -0.277560951989009     
 -0.108120615894386       0.269151053704257     
 -0.139602643001165       8.416688471241532E-002
 -0.278679904833307       0.120734793337818     
 -0.147163524434698       5.464658874349951E-002
 -0.265401490532963       0.147966921057171     
  0.128546334736745      -0.137861429590173     
  0.157598911999713       0.226266244411180     
 -0.289396620609079      -0.293356626386476     
  0.139746132760221      -0.192782819973058     
 -0.370536874092951      -0.327361598646834     
 -0.632527532086197      -0.457637984276486     
 -0.112906423422894       5.376878820264171E-002
  0.304402776098356      -0.112963436424352     
 -0.327951609779797      -7.348802936144518E-002
  0.352159660156382       4.308147709867462E-002
  0.425746386180783       0.256107876718162     
 -0.101593270215385      -0.121585001014461     
 -6.013944937299967E-002 -0.103154650587591     
 -0.255717098276968      -0.125533959256707     
  0.426554916381196       0.137770731342383     
  0.181265282409261      -0.131284841828393     
  9.949522288483587E-002  0.351402112069357     
  0.114114153995370       0.159476092486846     
 -0.609163611900744      -0.605018442143617     
  -1.19051089919065       -1.20275478440113     
 -0.165247567452007       0.108716834720695     
 -0.122622811090142      -6.047742337782320E-002
 -0.421983778033274      -0.406363686549823     
   1.95211645289335        1.95276716842586     
 -0.927949588966724      -0.939546200876131     
 -0.404811137189878      -0.424507544134428     
  0.422295595420620       0.520463858485427     
  0.225350579790204       0.196061680095556     
  -2.15693780092231       -2.17576884892111     
 -0.376905468491982      -0.533372740793541     
  0.269822281231125       1.969452045032321E-002
 -8.793526766925136E-002 -6.126289998923456E-002
  0.586904810222613       0.426841154263091     
  0.363972395608276       0.338435222678430     
  0.183234478030274       0.115719255473477     
  0.242918726894796       0.325552023104138     
 -0.263608745244931      -2.593987097828586E-003
  0.240338636894785       0.288702764338577     
 -0.226134543410745      -0.317527432851011     
 -0.554150805113793      -0.238369120447319     
 -0.549094901093764      -0.324619350405787     
 -0.180030217046419      -0.134209783760058     
  0.553159591036887       0.353665858370051     
 -0.265803523726707       8.968447250232706E-002
 -0.344577715161393       0.452973927875362     
 -0.162760561529374       0.161119742947376     
 -8.092375563576225E-002 -0.232659173861458     
  0.326804245116243       0.483964555122107     
  0.293673534103056      -0.523197145959144     
  0.187803766856385       0.304729643536122     
 -0.410561092857557       7.684747694287765E-002
 -6.821526322280688E-002  0.285582597449786     
 -0.511341031663186      -0.252006110137617     
  0.487727713249388      -0.196227013461486     
 -0.277276798553917      -0.259040043522572     
 -0.474200997450955      -0.371309460661189     
 -0.212375567685387      -0.178193719199839     
 -0.134676893416379       0.491857408050406     
  2.021321658855034E-002 -6.392935807764726E-002
 -0.397973150798135       4.677396511504157E-002
  4.111802359490369E-002 -0.108807175231167     
 -0.240134084142018       0.251170508743639     
 -0.447096515793774      -0.175325692810665     
  0.552469889283864       0.287110283528704     
  0.353171307416803       0.556144109567695     
 -7.767954645655761E-002 -8.387263295002087E-002
 -0.335640983101662       5.015889879675034E-002
  0.508638007212842      -0.290928050449706     
  9.254457886818478E-002 -0.160188452284372     
 -0.285089004559731      -0.221567949282689     
 -0.159355487793819       0.465012648408738     
 -3.049932727903153E-002  8.069151385701380E-002
 -3.529511234374585E-004  0.433938719586090     
  0.755764780989321       0.838022340654429     
