  6.510074586627947E-002
 -0.115619720008407     
  0.376390801578959     
 -0.355937350561197     
 -0.293583193312577     
 -0.493994275377889     
 -0.460259834381031     
 -0.100772861041853     
  0.280875733919548     
 -0.239691285398374     
 -0.211838326653279     
 -0.726792841679819     
 -0.636136104984663     
  0.623057789770663     
  0.571511435707403     
 -0.270367188596773     
 -3.827993837068314E-002
 -0.173593362660225     
  0.168987215069042     
 -0.404455764569548     
  0.137963687843974     
  0.242203560269958     
  0.376263689253885     
  0.253742919752688     
 -0.323432739990094     
  7.414891056208255E-002
  0.101441019572631     
 -0.642632118241773     
  0.124061952162081     
 -0.335325186424504     
  3.284190359329057E-002
  0.125902133623151     
 -0.488700825186353     
  0.372171534177849     
 -0.351185612302718     
 -7.469187744331561E-002
  0.267309954959166     
  0.391825845802801     
 -0.401399382043139     
  0.114081440865272     
  0.443687396757255     
 -0.390922724760529     
  0.385668966524836     
 -0.260919673837408     
 -0.371050004025388     
  0.139264949491606     
 -0.436131891416422     
 -1.815888295840050E-002
  0.304999704880049     
  0.362463412058871     
 -0.494507391016154     
 -0.557161743829359     
  0.701218035463912     
  0.185658089755217     
  0.435110276546300     
  0.547186144636004     
 -0.560291417493774     
 -0.180221016716710     
  0.325475110577739     
 -0.497625650544374     
 -0.213170308428897     
  0.377819687580644     
  1.655963530302031E-002
 -0.141531169969023     
  9.758883443452787E-002
 -0.115114416639287     
  0.178651473057576     
 -0.264949141729659     
 -0.327911360008970     
  0.187071089247142     
 -0.292155495638541     
 -6.476280442844302E-002
  6.179608146066978E-002
  0.216219868512349     
 -0.154302413876473     
 -0.166571900982436     
  0.140112006793624     
 -7.327468186604710E-002
 -1.152575728772165E-002
 -1.552967367522785E-003
  0.217127508121174     
  0.142294957951388     
  0.187368461737327     
  0.219276433185488     
 -0.246937149282705     
  0.500387613217831     
 -0.224437921912023     
  0.221734545555002     
 -0.205689390504699     
 -0.466050470526509     
 -0.282515515983883     
  8.298702783754846E-003
  2.392655567285645E-002
  0.147049554897162     
  0.397983704324646     
  0.385948338407737     
 -0.116642064272566     
  0.354367766818467     
 -0.296322200783424     
  7.803090237278494E-002
 -0.263553867163180     
  0.188502990945512     
  0.434470255539189     
  0.418455073151520     
  0.136067109358100     
  0.198951795728264     
  0.388000534712825     
  8.425222643953208E-002
  0.243722672234322     
  0.201444762751576     
  0.261850087809555     
 -0.121436689213107     
 -8.168309106408410E-002
  0.555178710317878     
 -2.682684579151828E-002
  0.373379883379317     
  0.358592912693009     
  0.803979704252489     
  0.423358937132185     
 -0.237781851603570     
  0.473303504161839     
 -0.542292823372595     
  0.362170881808574     
 -6.301903990364870E-002
 -0.536925939062091     
 -4.093042935136255E-002
  0.295646361715324     
 -0.441041977661361     
 -0.321160184841712     
 -0.356635035971367     
  0.553671395767487     
 -0.227686822499515     
 -0.394458662839430     
 -0.561481848808935     
 -6.242748171750173E-002
 -0.143994384467281     
 -2.361264161756482E-002
  0.320971443892310     
 -0.823166065377214     
 -0.434091240869783     
  5.608015555660110E-002
  0.176501033600296     
 -4.206112660119220E-003
 -0.417690098482422     
  0.321369539375913     
  9.370183482601303E-002
 -0.361087053826310     
 -6.855083182603158E-002
 -0.196148247703479     
 -4.875138910414250E-002
 -0.229890117786476     
 -1.961364412677895E-002
 -0.370156479542655     
 -0.436700690757670     
  0.574382712807879     
  0.127332896385835     
 -1.673268693231814E-002
  0.208293260480681     
  0.389084109402474     
 -3.711106578369974E-002
  0.297595841922348     
  0.516069240770161     
 -0.138449792379669     
 -2.984735409223434E-003
 -0.384892641806133     
  8.769334105190077E-002
 -5.567977516190527E-003
  0.345432166020957     
  0.112436185264294     
  0.105367313941864     
  0.406147013583342     
 -0.632151827217583     
 -0.214446257111988     
  0.258945187933086     
 -0.302351019637480     
 -0.176389307797877     
 -0.139231856176200     
  0.196794478025923     
  0.314228005166672     
  0.365426005156779     
 -8.919295678646223E-002
  0.149303936252934     
 -7.139502173046597E-002
 -4.843684553504730E-002
  0.451243406003937     
 -0.436202160036448     
 -0.442584580832674     
 -0.510985924538548     
 -0.338629017146436     
  0.308773318956436     
 -5.426646446178705E-002
 -2.341082378694577E-003
 -0.599364792188508     
 -0.317867401315075     
 -6.870827382977385E-002
 -0.440858994080440     
 -0.214293589858483     
  0.220610306714983     
 -0.378777501687572     
  0.214522021033132     
  0.137492465493196     
 -0.413843421646538     
  0.441552983131427     
 -3.749151749062798E-002
  0.360859303801342     
 -0.227163014269819     
 -0.304475130443759     
  0.127242342305799     
 -0.339681968474378     
 -0.369434193341903     
 -0.218706558879333     
 -3.247758626003312E-002
 -0.650854890789526     
 -0.675933940974161     
  1.584927395854684E-002
  0.164255202705656     
  7.754886485502833E-002
 -0.336028288767708     
 -3.039822496105233E-002
 -6.729568042609074E-002
  0.379989304136716     
  0.712251109931840     
  0.368910644848601     
  0.365829494016655     
 -0.405978574341613     
 -0.366096202561493     
 -0.333072777732627     
  0.120960949018467     
 -6.159888238132007E-002
  0.351126732089765     
  9.658629474835248E-002
 -7.713545130150427E-002
 -0.134261199306669     
  3.120245213544838E-003
 -3.347598350001502E-002
 -9.332981155809242E-002
 -4.055803411160249E-002
 -0.534881444007259     
  2.170625300659193E-002
 -0.564780821498878     
  0.198046133336045     
  0.323002516731836     
  0.158952507700483     
 -6.189092070446416E-002
  8.748046089286916E-002
  0.477785983552016     
  0.270253719299621     
  0.533572997210904     
  8.277015449685166E-002
  0.520706195407159     
  8.037512877200004E-002
 -0.102377388388794     
  0.232628984209532     
 -4.971754063750328E-002
  0.216561254500109     
  0.143452356002003     
 -0.348431540970236     
 -0.222559276880743     
 -0.694066437322286     
 -4.578363748555744E-002
 -0.289804403372929     
  0.159109129169768     
  0.241572902370938     
 -0.351322858790081     
 -7.149525925398989E-002
  0.591806847480813     
  3.681923481684365E-002
  0.549852169058208     
 -0.534806327810664     
 -0.228113566170019     
  0.462661909373451     
 -5.785603146243671E-002
  0.139541216875889     
  0.500922296119067     
  0.525740236778852     
 -0.206063393163372     
 -0.235747740219953     
 -0.314738886391489     
  4.761355990327321E-002
 -0.509770047197525     
  0.165600824795594     
 -0.310573056460691     
 -3.161905369871292E-002
  0.301081501963221     
  7.828191763503520E-002
 -4.143876753736467E-002
  8.019126709672816E-002
  0.172213729794630     
  0.145950262319249     
  0.248806650380111     
  0.442770821970329     
  0.332826894983487     
 -0.433393097276150     
 -0.382864325199152     
  0.426730596806248     
 -0.301079209234692     
 -0.123161234590599     
 -0.266349934821791     
  4.159518678292841E-002
 -0.107822447739434     
 -7.683839006993530E-002
 -2.361783255606253E-002
 -0.329470998254544     
 -0.150495533732267     
  0.589478624674582     
 -0.400788429854633     
  0.226328558127079     
 -0.290132830495735     
  0.173992403495530     
 -0.406402929008075     
 -0.511226890227152     
 -0.107046733357295     
 -0.351934453253500     
  0.310755248050759     
  0.186726474891262     
  0.260181906942620     
  0.366109174229118     
  0.376712048105696     
 -0.296660969861923     
 -0.702999749197127     
 -8.269329889521440E-002
 -0.552948116496401     
 -0.363509400043024     
 -0.241069462231481     
  8.775837588179773E-002
  0.432628395681572     
 -0.153525485562556     
 -2.978789332384524E-002
 -0.185092017518088     
 -0.296066386907982     
 -0.115698764873471     
 -0.342250812219470     
 -0.332624737693341     
 -0.489357958534440     
 -1.664021021337008E-002
 -0.338898559858227     
  0.498621709761479     
  0.372214954368696     
  0.357039782965036     
 -1.276421981751154E-002
 -0.348475283401621     
 -0.562993266968257     
 -0.894361814484471     
  0.164000511067534     
 -0.408860410636521     
  0.145146285527554     
  0.343025530304648     
  1.833460580533386E-002
 -0.333503685194988     
 -4.832777284903098E-002
 -0.274336815679865     
  0.456082533299461     
  7.393902009093035E-002
  0.438565882795622     
 -0.380321956181904     
  0.160769324419247     
  0.156660077828506     
  0.389537387272493     
 -0.297804305118068     
 -3.287354955206421E-003
 -8.337934002207691E-002
  0.298024095889976     
 -0.194257206947756     
 -0.963228674806417     
  0.990838590461068     
 -0.415390116810370     
 -3.635492515491555E-002
  0.334535391059747     
 -0.119595519814974     
  0.362851609131507     
  0.459156172301680     
 -0.404946389366241     
 -0.400044742204028     
  0.271437514425233     
 -0.344281977755813     
  0.287117175341115     
 -0.486744071786206     
 -0.460647590902015     
 -0.242431168454153     
 -0.413231220825452     
 -2.262678150894940E-002
 -2.740781656097876E-002
  1.976830725946991E-002
 -0.171787571380389     
 -0.840392333927354     
 -0.689991014628563     
  9.140231409257382E-002
 -0.143093095001965     
  0.635504912715164     
 -0.148393675368118     
 -0.916050284526666     
  0.235713033471474     
 -0.244426618257381     
  0.407263032618296     
 -0.267537352331437     
  0.260777440057777     
 -0.142504559087755     
 -0.230743246396974     
 -0.201010507429765     
 -0.471973391003902     
  0.538061159349205     
 -0.480241366462903     
  0.106273350790729     
  8.838343978517051E-002
 -0.226672768997599     
 -0.451217989200489     
  0.627052702756931     
 -0.198714811459745     
  0.181673978678152     
  0.290868514608009     
 -0.370404983737415     
 -0.382861419431020     
  0.340988394058944     
  6.959083315400021E-002
  2.382883995403485E-002
 -0.294858478993253     
 -0.391072696839316     
  0.285423252036242     
 -0.322261725283795     
 -0.327274493718576     
 -0.488582958085956     
 -2.349827429260920E-002
 -0.340143292211144     
 -0.432719366027840     
 -7.314648428266456E-002
 -0.214467009478330     
 -0.377535039919909     
   1.00087013977889     
 -0.274906855036690     
 -0.205098239765666     
  0.365969164454175     
 -0.643899956510741     
  0.585981895582253     
 -0.124426051620966     
  0.346997672687780     
  9.134048107429585E-003
 -0.185290902227177     
 -0.393147979347535     
  7.990311824780241E-002
  0.234532039347647     
  0.539129370289662     
 -1.321847870891672E-002
  0.128591970809940     
  0.255018424100126     
  0.333356029335301     
 -0.484959890203375     
 -0.444201645923131     
 -0.430390661817052     
 -0.347131889556218     
 -0.182889667817705     
 -0.191199488163527     
  0.562522540136568     
 -0.699491753382754     
 -0.347532819207520     
  0.114251222794007     
 -6.114584511570859E-002
 -0.245922469194762     
  0.431230343672959     
 -0.312937928969648     
  0.349053024170822     
 -0.110590770204397     
 -0.207961659004766     
 -0.455756663360773     
 -5.824206924159825E-002
 -0.266019022772948     
 -0.216800218367566     
 -0.342706234305504     
 -0.216669499699003     
 -0.971346246669133     
 -0.289095735522893     
 -0.192349000778786     
 -0.117511284026232     
  0.734711631678909     
 -0.480388129447890     
  0.227810251500461     
  0.749281787774389     
  0.375383473723090     
 -0.138772730065263     
 -0.214736691030368     
  0.247985443072154     
  0.122643753994519     
  0.291310451267463     
  7.896178366080399E-002
 -0.480886373463965     
 -0.410619441355621     
 -8.775634868794914E-002
 -0.538146085608941     
  0.440837869255086     
 -0.263612316129304     
 -0.493226533010027     
   1.35873455052990     
 -0.689526491465070     
 -0.312787821564142     
  6.658692214560800E-002
 -0.124982621711841     
  0.128793483177636     
  0.265613799638247     
 -8.522259211484415E-002
  0.208940195232832     
  0.451787809874832     
  0.469355341230941     
  0.466179806488314     
 -0.459543654138206     
  0.215763172504536     
  9.395862296094301E-002
 -0.115614780778410     
 -6.019458226204436E-002
  0.189752740609793     
 -0.500084038189967     
  0.394324863329193     
 -0.718985646819440     
  0.249327819512781     
 -6.514287017356704E-002
 -0.248433074164105     
  0.130169447487108     
 -0.559695398951578     
 -0.893598666941411     
  0.522908993637984     
  0.280121100747226     
 -0.439142500571417     
 -0.121045674589553     
 -7.960863150862593E-002
 -0.496072374792589     
  0.397543126360771     
  0.206305082332678     
 -2.715050010630792E-002
  0.417660013743882     
 -0.500718953618486     
 -0.489267593654016     
 -0.200770754337737     
  0.220256359504152     
 -0.540529324855145     
 -0.646378999211445     
 -0.345656947923483     
  6.980517691802949E-003
  0.886374549242664     
 -0.854925282501953     
 -0.460938492990964     
  0.975603867583601     
  0.272886359277782     
  0.148988193036580     
 -0.401524544607775     
 -0.301185866040615     
  0.246959286393077     
  0.433827997979146     
 -0.100593756917534     
  0.262164087453913     
 -0.326518553149355     
  0.178296905660196     
  0.130236546414528     
 -0.152761759451921     
 -0.409588270263414     
 -0.829082460767890     
   1.95307091262860     
 -0.365156975237161     
 -0.360658284978121     
  0.659257466222858     
  3.156067980726548E-002
  9.609126215444727E-002
  0.321942001002412     
  0.537108425636684     
  0.371524522819145     
 -0.211588540155543     
  0.305653069784298     
 -0.517660382594639     
  0.289748255588113     
  5.527526225405000E-002
 -1.663053771178749E-003
 -0.448462120450716     
  0.167116774040609     
  0.275887136262159     
 -1.833267496646711E-003
  0.273200205044765     
 -0.623559452866720     
  0.418704393805935     
   1.42972126537004     
 -0.931308024700112     
 -0.593843543645935     
 -0.865574619118267     
  -1.28027829470788     
  3.441084706265685E-002
  0.233098335812402     
 -0.423191755603344     
  0.382656124715727     
 -0.206111211872098     
 -0.135003448572153     
  0.385211809459160     
  0.326106165884041     
  0.155622680601981     
  0.305484865534067     
 -0.353615746767466     
  0.127914707107126     
  0.139038882076946     
 -0.329518396051553     
 -7.175908883615324E-002
 -0.514555767474068     
  -1.69263795375979     
 -1.417310845052105E-002
  0.688085084145158     
 -0.197675822985289     
 -0.686629007636784     
  0.278706500445231     
  0.271082306258105     
  0.294706416377918     
 -0.330879380440717     
 -0.343780611302486     
 -0.209275266131939     
 -0.168282371925469     
  3.561767974813913E-002
 -0.377532623680369     
 -0.146348976881871     
 -1.689735811044144E-002
  0.206489213476082     
 -0.547225405521226     
  3.423537769745862E-002
 -0.554966255059381     
  0.606411937678924     
 -0.728811400353084     
 -0.281841757385435     
  0.951483134657496     
 -0.788198553052539     
  0.944994346416067     
  7.263475142072291E-002
  0.722507197018159     
  0.203306837855464     
  0.172670572397155     
  0.266434588476044     
 -0.542967662635554     
 -0.392983882547657     
 -0.430404731766171     
  0.365310626670775     
 -0.279316223166497     
 -0.112436986498901     
  0.126545794599437     
 -9.564520753190914E-003
  6.114468338587162E-002
 -0.187582072026014     
  0.381778704822783     
  0.590816685068375     
   2.27699852347599     
  -1.11150631112811     
  -2.11850163156498     
  -2.89869238805583     
  0.485295406705706     
  0.813724550731219     
  0.290167623021127     
  0.630979511166189     
  0.331759821899831     
  0.294385502524460     
 -0.410964095182840     
  0.355096073635416     
  0.272148801163776     
 -0.183269535537962     
 -0.107983789064443     
  0.116641246844045     
 -0.498540030800584     
  0.272860505155595     
 -0.211723189724868     
  0.897850180368028     
 -0.978865397214977     
  -5.01162466482365     
  2.651788301886216E-002
  0.944183758657622     
   1.04438202430608     
  0.308493623090967     
 -0.747708334495872     
 -0.181541649219253     
 -0.310052880085309     
 -0.544132834034706     
  0.198453239826642     
  7.367232479565786E-002
  0.336572569660593     
 -4.533667681787963E-002
  0.441821412829262     
 -6.127352262502107E-002
 -0.373773398069041     
 -0.559064153611297     
 -0.111907126539823     
 -0.851845067827455     
 -0.715488181015854     
 -0.459144919267705     
 -0.190146817973984     
   1.09299490501317     
  -1.47179801867932     
  0.677161096249734     
  0.831644480914005     
  0.638895816651296     
 -0.324739386331538     
 -0.170317773638713     
 -0.382504226128861     
  0.443363472004911     
 -0.196996302651828     
  0.375155095308786     
  0.523970927854262     
 -0.522962617484649     
  0.523894260348983     
  0.453843341682764     
  0.189511707935712     
  0.266615137205654     
 -0.446785498749038     
  0.409407118118967     
  0.420444985086081     
 -0.750152733110575     
 -0.540723600393542     
 -0.414327197991609     
  -1.49808720705744     
  0.118348607854710     
 -7.000842606228065E-002
 -0.454743185435048     
 -0.104946329215607     
  0.114842388183860     
  0.202674928614305     
 -0.542294108975950     
  0.271935153921162     
 -0.256785366860551     
  0.569345041446289     
 -5.562451310753869E-002
 -0.546902642387179     
 -0.330936525599534     
 -0.157679316612863     
  0.120844009946200     
  0.823165080011055     
  -2.11842514733126     
 -7.633275521461844E-002
  0.398661426839302     
 -0.112472660714786     
 -0.691916280328690     
  0.483158408617798     
 -0.424265644906715     
  0.648846261397767     
 -0.131555617799005     
 -0.297406761610068     
 -1.052685800244302E-002
  0.261293899110127     
 -0.466041878457781     
  0.472843513184455     
  5.668414403201758E-002
 -0.513205379786155     
  0.193520451888027     
 -1.754133938894274E-002
 -0.357956572889441     
  1.183341601114998E-002
  0.107993608058547     
  0.230746491130030     
 -0.971401084866272     
  0.757328027659508     
 -0.258370012956826     
  0.898609004041506     
  0.822297458553294     
  0.583005472703328     
 -0.457243829982694     
 -0.172719102910266     
  0.607055822661667     
  0.430120449521909     
 -0.340354393983127     
 -0.244767383793600     
 -0.476266652364748     
  4.996038342731021E-002
 -0.156851448394106     
  0.460832361394494     
  0.387910599929277     
 -0.366945807862474     
 -1.581877970235381E-002
  5.720808875538584E-003
  0.259023587774135     
  -1.38634179167603     
  3.643026124797791E-002
 -0.656976520489985     
 -0.648788329505110     
  0.612296716100922     
  0.465445294209432     
  0.283893644495644     
  0.106592891525780     
  0.347843878081361     
 -0.266452220805362     
  0.322426387049108     
 -0.421584520702652     
 -0.404390845627993     
 -2.746943946394700E-002
  3.035218009071304E-003
  0.345096754791650     
 -5.598179584294401E-002
  0.434407096710741     
 -0.196147526885485     
 -7.950586490155687E-002
  -1.18929757920838     
  0.246661009217662     
  0.704520134807925     
 -0.653242699296208     
 -0.730596388964300     
   1.11097925577628     
 -0.343157416241728     
  0.847236488492719     
 -0.754282694992282     
 -0.570240970695517     
  0.355539328016498     
  0.417544742702799     
 -0.334656711868062     
  0.356349730476939     
 -0.494721724920389     
 -8.658801439802653E-002
  0.291240248351164     
  8.128874796201885E-002
  0.194830685682115     
 -0.577204633068635     
 -0.656942381301984     
  0.513096672390078     
 -0.864456081734721     
  0.782476530018169     
 -0.357441152831891     
  0.305180078754425     
  0.743109051855960     
  0.381333047585832     
 -0.269375220169048     
  0.189099174074236     
  0.100811876313610     
 -0.163445157332012     
  8.314519989540138E-002
  0.259589786795778     
  0.224708783292210     
  0.478047470137830     
 -0.115503052047987     
 -0.335210004062957     
  0.519244241036354     
  0.401092811777149     
  0.222457217522710     
 -0.204457210063856     
 -2.860746562890343E-002
 -0.237585026499038     
  0.160034257282901     
 -0.161490861520893     
 -0.313164623132090     
   1.15317100985208     
  0.576360070990613     
  0.555033309480850     
 -0.533494862982859     
  0.450601219181653     
 -0.467163536905925     
 -0.544449280640298     
  0.315120855236907     
 -0.126981090035293     
 -0.447798288770335     
  0.216517816267427     
 -8.406031434281680E-002
  0.352719833892686     
 -0.128873815166425     
  4.815323339608951E-002
 -0.338060772617060     
  8.698809992739351E-002
  0.501232480321392     
  0.203419888493215     
 -0.243430468878487     
 -0.376485666275814     
   1.33537717002432     
 -0.397609263377870     
  0.733697412084242     
 -0.161863987208222     
 -0.622862493956706     
 -9.350010898408330E-002
  0.343406106892852     
 -0.504751809925627     
  0.364256336282334     
  0.235946868483516     
 -0.495902846265441     
  0.311521870183018     
  0.324753792996489     
  0.201254369840160     
 -0.403974225568008     
  1.102060081994583E-002
  1.579585264105889E-002
 -9.390698255572245E-002
 -0.102268649165704     
  7.607204243504080E-002
 -0.260913403912933     
  0.847889773183206     
  0.713726653975431     
  0.217972083077411     
 -0.376865940135093     
 -2.152843881177305E-002
 -0.218112360223502     
 -0.367125703850231     
 -0.237015006399809     
  0.470069924404282     
  0.321566056454263     
  0.337976160746555     
  0.365202291713786     
 -0.123491940316923     
 -6.718616286255466E-002
 -0.523792055493978     
  0.362761687592337     
 -0.292574768205695     
  0.107557734850813     
  0.599038952365917     
  0.120699972358045     
 -0.225988229678072     
  0.662986699708695     
 -0.219979653495232     
  0.121157718685220     
  0.167817668313217     
 -0.520891687229864     
  0.545621209620521     
 -1.999590449311969E-002
  6.970046119558861E-002
  0.356602975859638     
 -0.380859794958089     
 -0.460202401058770     
  6.703068731080805E-002
  0.320695120455277     
  0.448913957468692     
 -0.532127702253293     
 -0.417926229826989     
 -0.279476847755972     
  9.951430081351548E-002
  0.466964153120564     
 -0.152883528656601     
 -0.158384036182903     
  0.233593417446465     
  0.774270880633754     
  0.242594145379155     
 -0.637070432295933     
  0.292252698821316     
 -7.759434438485162E-002
 -0.257564286962689     
 -0.485014934549703     
 -0.502701711558532     
 -0.122062589914927     
  0.282351748343995     
  0.488343739601872     
 -5.617121591427746E-002
  1.149204439038764E-002
 -6.883415140999083E-002
 -0.441194580888833     
 -0.261725449074416     
  6.363332741289972E-002
  0.382560882898693     
 -9.422724601843455E-002
 -0.137276968478282     
  0.132247001403505     
  0.975660218324081     
  0.298945938335920     
 -0.395586336214042     
  0.181924052546675     
  0.295690696496936     
 -0.361235445886684     
 -0.287868175603429     
  0.210217626848311     
 -6.877733613773936E-002
  0.491659809101968     
  0.306789967760508     
 -0.190258037083250     
  0.256554042047670     
 -0.257772385078847     
  2.754880496210833E-002
 -0.114458625433641     
 -0.101553098296434     
 -6.954931979516332E-002
 -0.172516074399534     
 -0.150523887057272     
  0.409643075919155     
 -1.596931464261717E-002
  0.187467955140007     
 -0.111036529192607     
 -0.397438162295874     
  0.441975888709608     
  0.125922081054590     
 -0.249622050318166     
  0.155462153953336     
 -0.445270363396199     
 -0.192082506035536     
  0.285076765791549     
 -0.299790081180732     
  0.161374473558572     
  0.435988215198839     
  0.174496126050739     
 -0.271228939094649     
 -1.423178869001432E-002
 -2.078251819786310E-002
 -9.086554623146489E-002
 -1.286050430518624E-002
  0.686588325437796     
  0.490150606977108     
 -5.460502906921044E-002
 -0.160208923158457     
 -0.505031919437631     
 -0.449838747239664     
  3.383015078703256E-002
 -6.779683170089203E-002
 -0.411770095653727     
 -0.514386914969259     
 -0.362890311895972     
 -0.535835467122619     
 -0.336992421093189     
  2.536168861176991E-002
 -0.551687725015185     
  0.312866615377952     
  0.102214468617842     
 -0.344101191080786     
  0.359546452511487     
 -0.234256176980354     
 -5.183363720383224E-002
  4.208264499213621E-002
  6.518953013520408E-002
  0.378287132703584     
 -0.218483615400418     
  5.383069767760613E-002
 -0.553516068011987     
 -0.268176461895550     
  1.040900395169284E-002
  0.294512353341071     
 -0.228732921962457     
  0.434822093745626     
 -0.546988757581456     
  5.436949962514393E-002
 -1.436488249060992E-002
  0.350801830912516     
  0.381389624509552     
  7.753541193267981E-003
 -0.132442076299755     
  3.141470930495470E-002
  1.773551067294380E-002
 -0.170681566581643     
  0.243720296221493     
 -0.351052346666813     
  0.323590976814823     
 -0.263513184279133     
 -0.457987284601053     
  0.378245791149628     
 -0.305146930053605     
  0.311418675606774     
 -0.347071159360275     
 -0.389107125023016     
  0.174275907358461     
 -0.269615600901480     
  0.107209721483031     
  0.234035269886957     
  0.252798687140258     
 -0.504752709150954     
 -3.534189538705935E-002
 -0.100410211037464     
  0.314084756346649     
  0.122220015440298     
 -0.319029707600408     
 -0.179221334934480     
 -0.125257971115139     
  0.756490040158345     
 -0.537357431898339     
 -0.555025847059376     
 -0.399293095532968     
  0.242112397800711     
  0.207312497602137     
 -0.519360535050975     
  0.198001029943628     
  8.599237843526482E-002
 -0.356108030096724     
 -0.236705179171204     
  0.451900926505811     
 -9.127104930265584E-002
 -0.279654003150882     
 -0.201122142111156     
 -0.248264969565823     
  0.197801874577063     
  0.262253846203154     
 -0.306139794973867     
  0.299905664605380     
 -0.169677463578107     
  0.530542159644389     
 -0.383054196428576     
  0.208498198708317     
 -0.312532656554983     
 -0.392425944235844     
 -0.213681351305846     
 -0.497702170454733     
  0.400353930755105     
 -6.694494553370267E-002
 -0.439712377623189     
 -6.422042953009209E-002
  0.412072291716940     
  0.214096488722628     
 -0.121717142429292     
  0.209054163523405     
  0.173124013032172     
  0.303894929162877     
 -0.347216712935098     
 -0.664964686498705     
 -0.146041072678755     
 -0.461138353270875     
  7.064294875021854E-002
 -0.617534800760808     
  0.461847627540746     
 -0.287168089738669     
  0.358113311520722     
 -6.632809077085439E-002
  0.495353677032523     
  0.514463626054091     
 -9.074744370010848E-002
 -0.485231705147184     
  0.266275389049068     
 -0.526147370052900     
 -7.491139619982624E-002
 -9.208005825420186E-002
  0.291889749254553     
  0.248104164354865     
  0.320349882236285     
  0.230419056989314     
 -0.528306856971802     
  4.200561909405148E-002
  0.493632635374646     
 -0.197327833657941     
 -0.392523823287872     
 -0.457099169621748     
 -0.177951092677733     
  0.240880684114141     
  0.477137938028818     
  0.218069016204615     
  0.228706007845678     
  8.617975147916192E-002
  0.219978953386336     
 -0.257472898676617     
 -0.244266657361000     
 -0.231419786127878     
  0.524966619324195     
 -1.196499874952493E-002
  0.401139346201467     
  0.248986375258620     
 -5.226095839455765E-002
  0.257903386676830     
 -0.117191862362717     
  0.173756075980509     
  4.509098912571223E-002
 -6.722291162731761E-002
  0.421789347219854     
 -6.212390950031974E-002
  0.278942102133888     
 -0.402129798737637     
  8.462384628827714E-002
 -0.350383154463252     
 -0.184156900186669     
  0.351499062405014     
 -0.104031423279200     
 -0.392436814029049     
 -0.551973633929101     
 -0.107091163213948     
  0.199940706119420     
  0.104703270207065     
  0.190052881015491     
  6.194712473372430E-002
 -0.724437879579348     
  0.556946512327908     
 -0.164167824036043     
 -0.104631307033277     
 -0.495388569815237     
 -0.260329868201510     
 -1.873481727969135E-002
 -2.638897317578192E-002
 -0.519402113973881     
  0.421429757129327     
 -0.339216261104199     
 -0.420540560182074     
 -0.187567172830853     
  0.514000266395445     
 -0.176657964544235     
 -0.465091553536498     
 -0.304208682460947     
  4.869937091645615E-002
 -8.951611517704390E-002
  0.196192060749412     
  0.360859698144403     
 -4.127935783865951E-002
 -2.132007125316111E-002
 -0.169894444687942     
  0.557049763204771     
 -0.264712069647878     
  0.287558780420724     
  0.365656311707294     
 -0.330554334620766     
 -0.436013892378738     
 -0.246993759926314     
 -1.352081904351105E-002
 -0.224116078342087     
  5.455658929237071E-002
  0.437332354666757     
  2.133947916247002E-002
  0.233495662350415     
 -1.966653234930344E-002
 -1.349647479078624E-002
 -0.198778111624056     
  0.246660625930861     
 -0.187889729005282     
 -0.204839054115078     
 -0.344278640320771     
 -0.345673348525979     
 -9.611874274976770E-004
 -0.416290175106519     
  0.325002247553795     
  0.523063634839102     
 -0.123782808267057     
  0.184184424345679     
 -0.151369366501219     
  0.265289352582491     
 -0.511810030635532     
  9.400293973601546E-002
 -4.273113686442301E-003
  0.229640020924505     
  0.156941243069468     
 -3.650922703198756E-002
 -0.299807619850661     
  0.148282379119636     
 -0.229858563920785     
  0.328941183020712     
  1.996584465383691E-002
 -0.165821367507122     
  0.364173898486093     
 -0.158911988351668     
  1.704886062704291E-002
 -0.128109013845265     
 -0.443433272513674     
 -0.545693616465372     
  0.411149674639259     
 -0.139153453846550     
  8.004189683341598E-002
  0.351470061019467     
 -0.285231726809866     
 -0.538105688891957     
  0.204815947630896     
  0.174301678223638     
 -0.500849443460194     
  0.355736801460497     
  0.263498710822786     
 -9.248760031671711E-004
  0.369400466675591     
 -0.331815947578973     
  0.339518897436945     
  0.415018458043239     
 -0.173062753938182     
 -0.482581799475048     
  0.250804168484871     
 -3.458918655876449E-002
 -0.214800424687770     
 -0.728638110248388     
  0.166724559106475     
  0.512357566536183     
 -0.519144104831668     
 -0.164694874693613     
  0.380394655841182     
 -0.438766152726128     
  0.112362808915644     
  0.134747978812604     
 -0.674998602511197     
  0.252284197252254     
  6.073841269754231E-002
  0.515319379359946     
  0.379768271951880     
  0.123469072560398     
  0.480197210514354     
  0.468443329856045     
  2.436440940370837E-002
  0.154259671112224     
  0.185846764760963     
 -0.449365718671015     
 -0.236395250978968     
 -0.196999743640651     
  0.504546766224768     
  1.797346117871042E-002
 -7.324593741343731E-002
 -0.261811537971870     
  1.373947824588576E-002
 -0.109431746268763     
 -0.255761451581355     
  0.111471418747908     
  6.633917012752637E-002
 -0.732577750155406     
 -0.372162659426646     
  1.928179645291644E-003
 -4.496147683929001E-002
  0.373276417133149     
 -0.168425887220268     
 -0.111405034028134     
  0.429400073620035     
  0.523619151181569     
  0.149563536880061     
  0.141102572077429     
 -0.130662285163615     
 -0.336187415708270     
  0.438747732698726     
  0.469214518988083     
  0.184227932868113     
 -0.165174530951939     
  0.137713720849687     
  0.383358061736516     
  0.167504017155844     
  3.866075959079020E-002
 -0.222695232940280     
  7.820121390024737E-002
 -1.453004998562210E-002
 -0.130811393115072     
  0.102051335342233     
 -0.297170055963114     
 -0.578075889157192     
 -0.447697320058318     
  0.467055209550765     
 -0.454160329968264     
  0.105172821380191     
 -0.225984490977969     
 -0.533375584099106     
  0.312901989169803     
  0.342317636318102     
  0.504444799354902     
 -0.398929875342754     
  0.395851509450051     
  0.369398944632939     
 -0.705473210652437     
 -0.247824505625148     
  0.767459561301156     
  0.731939866508819     
 -0.204321608516664     
  0.205177452391241     
 -0.149291305468983     
  1.199907730172033E-002
 -0.352023402180067     
  0.145434496075223     
  0.269101605385219     
 -0.275793394009559     
  0.363451769535980     
  0.106809196981946     
  4.353650249985458E-002
  0.215470288112513     
   1.52103629762722     
  0.933022514934567     
   1.11268577205008     
   2.21207875821087     
 -0.505442387629354     
   2.52677170487955     
   3.67118876412134     
  -1.73897618594768     
   1.95203713780216     
  0.120615448549433     
  -3.08359577976863     
 -0.526051758463698     
  -1.00367095170246     
  0.920866817967319     
  0.134279428359148     
  2.926082396009519E-002
  0.337570147333142     
  0.818063235329583     
 -0.212758451745015     
  0.168845377332876     
 -0.215408158455643     
 -0.364776619486079     
  0.199424008343503     
 -0.280341444461834     
  0.301452930322134     
 -0.480198638628929     
  0.301490457964177     
  0.150528441191049     
 -6.816307325182780E-002
  0.383444131977400     
 -0.454031350974005     
  9.510718728799705E-002
  0.466794802384417     
  0.420727903020634     
  0.174327228924904     
 -8.192570942392585E-002
  7.481110318885209E-002
  0.350499185462739     
 -0.159763933361914     
 -0.152257604015884     
  6.623469797298998E-003
  0.320910620169077     
 -0.454795635700168     
  0.249773407245183     
 -5.796889115495601E-002
 -0.282932239899071     
 -0.242047264823235     
 -8.825069104330913E-002
 -0.229158132832049     
 -0.460602848083722     
 -0.352048013974435     
  0.129103220238582     
 -0.161862350209929     
 -0.420350611683871     
  0.167309304680449     
 -3.218200266013566E-002
  0.117315596951692     
 -0.276452833825476     
 -0.342666137456909     
 -0.189693440938980     
