  2.386164942737986E-003
 -0.214835840781042     
  0.333807736112047     
 -5.071670089609758E-004
  0.552539839087307     
 -9.030306790580818E-002
  0.159623432786075     
 -0.564361607055154     
 -0.451459256231956     
 -0.791268331348041     
 -0.896919967242905     
  -1.12593173562855     
 -0.212941832718496     
 -0.993102554489551     
 -0.851545965122382     
 -0.519786589486340     
  9.498437106207776E-002
  -1.18537019939072     
  -2.72304676235298     
  -1.23035865167778     
  -2.91317771174863     
 -0.549016968906062     
  -2.53555878325291     
   2.58745755198267     
  0.850436181647157     
  -4.32234738636132     
   1.94379818346385     
   2.70530390717873     
  -3.61423168116418     
   3.18240210537444     
  -4.70842733480229     
  -1.55132368709788     
   3.18996375358200     
  -7.09450571317216     
   3.64727150379936     
 -0.188334052376783     
  0.679639189427141     
  0.905951641555064     
   4.10993234443037     
   2.80420877054567     
   3.54478979672844     
   3.53063375925219     
  0.556693864367954     
  -1.83805318162227     
   2.01008379643187     
  0.874024800986233     
   1.13574565028205     
  0.629913009035311     
 -0.582062724960498     
  -1.53937501680149     
  -1.31775226069787     
 -0.149493010322514     
  -1.00014308380930     
  0.354846877464416     
 -9.534800806035659E-002
  0.563764382284383     
 -6.113699934352428E-002
 -0.713364038797676     
  0.377371356391231     
 -0.563620035686433     
 -0.163510791972661     
 -0.658074097913650     
 -0.586359728008821     
  0.413998229623824     
  6.870308107310252E-002
 -0.307031553777406     
