  0.347769453514864      -0.262489012078353       0.423692803202572     
  0.161700200835146      -4.344766605727374E-002  0.298092627338882     
 -0.307217370162393       6.880913448164562E-002  0.125075203144752     
  0.158634828670076      -5.184015503288651E-002  0.416284676370646     
 -4.576884919088389E-003 -0.479610770154755      -0.312112245827479     
 -0.448772938881816      -0.135307133468039       0.329106873967775     
 -0.323941092157726       0.414709297500826       0.648172752798030     
  0.116975795640414       9.086987410998182E-002 -2.096860671087950E-002
  0.565996261434321      -0.673897072867453       0.155490688349666     
  0.127739068165357       0.110102448567176      -0.162196807574352     
  0.326551450907694      -2.252197122187796E-002 -0.279447043027279     
  0.660699947612458      -0.494867474599105      -0.123300485376318     
  0.620697316459037       0.435288480490631      -0.339913869473427     
 -0.191274363384978       8.726555302092109E-002 -0.129599563281810     
 -0.478544678741713       0.453033951816512      -0.445848203383645     
  0.388040319838226       0.551635139358105       0.490877784185151     
 -0.707458213903243       0.184186282656994      -2.876853111560112E-002
 -0.491000447595237       0.352287995609063      -0.454401687243985     
  0.248422551346699       0.104279192701023      -0.518228827691867     
  0.195806287322064       0.457909277244391       0.369542071338369     
 -0.742885429565015       0.200729247356595      -0.172402374645577     
 -9.657616086265292E-002 -0.114284372338507       8.062656300871389E-002
 -0.100731009824442      -2.891547097195018E-002  0.133796032250703     
  0.769303879443772      -0.361588156504886       0.766636183518138     
  0.329894731096015       0.386920927842758       0.177302093642222     
  0.129835711414072       0.719129926475237       0.258832966777920     
 -0.742407958847971      -0.296889593963770      -0.310925319049401     
 -0.252835177180098       9.064116011721923E-002 -0.177850655395048     
   1.09763914038423       0.349173118945665       7.572888949205775E-002
 -0.463552694186412       2.461686782891145E-002 -0.356378783853276     
 -0.866673077247213       0.268743250271965       0.312537673325534     
  0.408362134012192      -0.658523862307750      -0.435812450796204     
  -1.18025517534754      -0.604713666784685       0.423613541581109     
 -0.236840376360956       0.672360324716969      -0.314173855423467     
 -0.735277730010368       0.556803902998719      -0.509662906941266     
 -0.480700999928383       0.781322912362184      -0.208299629848511     
  3.886638365352902E-003  0.611114055136646      -0.170234314855578     
 -0.136001464417518      -0.473263576700122        1.20398256458977     
  0.910079144417960       0.426352894931489      -0.298781464350056     
   1.60400724205753       -1.34498976779052        2.75107170230379     
  0.749312163167374      -0.261484118284298       0.387669345759629     
 -0.134089969986847      -0.168805510690151      -0.178067937375519     
  0.390934742540085       0.731153405723761       -1.60234498858012     
 -0.501255709316336       -3.80450861659699      -0.582242841440868     
  0.920088697174020       -1.14559093030438       0.563692622893699     
  -3.67182595182074        3.95497714016513        2.69391081079700     
  -1.32903763284516        1.05390263155827        1.67901391504978     
   1.62743357444257       -2.51377659319757        1.75865360855547     
   2.52500525653209        2.40853990578907       -1.84254660148408     
  -1.68360238364258        1.76716872931039       -2.31332610982481     
  0.536535572638655      -0.969848808600854        2.01763964420059     
 -0.972659891921581       0.129133616342731       0.125385409027790     
   2.35752124073659       -2.48062800565173       -2.27236691872156     
  1.701338598873539E-002   1.81429618655179       -1.45485559203846     
  -2.77183000575263       -3.12501059833694        3.25515668568631     
 -0.875194091229109        1.66680804826679       -1.54393103495541     
 -0.106428744670973       0.218244097166874      -0.126417594030478     
  -1.01321220496337       -2.12900787622717       -1.22248021813206     
  -1.49401520009349        1.48972488189398       -2.18254774365075     
 -0.263314513987108      -0.544529038296598       0.156874174755954     
  0.552091905285068        1.18456324748826      -0.392756536050435     
  4.689741851379109E-003 -0.829358831302524       0.691104398175107     
  -1.24734624988117       0.549732281591757      -0.698069102583719     
  9.915188388239088E-002 -0.830345691707753      -0.627192233334433     
 -0.397444027039570      -0.575045849913969      -0.663837491920620     
 -0.571898452061497       0.304996335332978       1.267280796623776E-003
  0.984810264568790      -0.846348007371784       0.622613713410969     
 -0.153952727010649       -1.07681304835318       0.338177343857271     
  -1.29694345560326       0.471686764759159      -0.527925790669778     
 -0.778869351524344       0.244187907500263      -0.134232908236740     
 -0.510810172841847      -0.415754925810464       0.197764745601032     
  0.305374594359899       0.189779763428876       0.666568984458234     
  0.172430399406096      -0.542212574187709      -0.172376023035169     
 -8.467726986349804E-002  0.165203669904823      -0.635782866866298     
 -0.488466864849529      -0.474184793286497       8.534051757932168E-003
 -0.649729101977434       7.515959984445732E-002 -9.217498088454744E-002
  0.556832226947009       0.400344901432485       0.235246627975714     
  0.284380894416966       0.389601471423551      -0.164972837354899     
  0.611225807795562      -0.893087946106494       0.833081341202721     
 -0.696835454973297       0.543734521539370       0.288110731739182     
  6.772125891535588E-002  0.414979821136848      -0.134751096126205     
 -0.295801379414443      -0.548024500247432      -3.541382029876940E-002
  0.173131269085679       4.203095619713999E-002 -0.436470466674227     
  1.412830127227197E-002 -6.895966416403947E-002  2.287897170118334E-002
  0.320665874585059       5.027684719779776E-002  0.110594940680050     
  0.151986304775555      -0.372022143737238      -0.215158398213109     
  0.420606671489382      -0.232891859526673      -0.560451873840833     
  0.386950174939204      -1.337318203813922E-002  0.440767182108049     
 -2.895007033006384E-003 -0.562501304276671      -5.868526958727510E-002
  0.122161039323701       8.502074294849947E-002 -0.642181593105709     
  0.419972074908271      -6.512864425492336E-002  0.630620292154397     
  7.368583904577035E-002  9.510008741415583E-002  0.287446848643892     
 -0.144848769543882      -0.209660723818992       0.399814450103810     
  0.116233168180557      -0.191765860518143      -0.210307823091336     
 -0.266375168274792      -5.437494493404464E-003 -3.097254728792060E-002
 -0.107874396710866       0.105764924788621      -0.203668838074765     
  0.130391912312706       0.418312246639010      -0.104707638895879     
 -0.260395831488094       0.463174129004877      -0.457584731451328     
 -1.993481139646894E-002  0.268601120190962      -0.498276988032168     
  0.427690672895011      -0.141157697446877      -0.569887952221409     
 -0.236291438390183       0.284837511875701       0.102653586409768     
  -4.07385285717502       -4.60091556341768       -3.29991997441857     
