  0.184448881591981     
 -0.606678330302165     
  0.135427967523843     
  0.478915919151889     
  0.868151780019506     
 -0.529470583958563     
 -0.817820283004283     
   1.00099599684735     
 -0.335126280670568     
  -1.76238185950636     
   2.21271429653418     
  8.733919589857794E-002
   2.20877936713506     
  -2.39041165398908     
 -6.390074116116404E-002
 -3.580559537130180E-002
   3.04925738569182     
  -1.11189578750574     
   3.39492105301234     
   3.17579331152902     
   3.28555359138342     
   6.40247264637325     
   1.27697394878418     
   1.36470907423657     
  -9.71481607145209     
  -1.40656154256476     
   3.86417571383333     
   1.80348633525184     
 -0.451605216355919     
  -6.45626835298789     
  -3.60346789586226     
   6.27060764663745     
  -4.12342038206938     
   7.13038891848658     
  -6.30778826763364     
   5.43761086313836     
 -0.279942168431114     
  -6.71201765146644     
   6.94348312943572     
  0.703345139497736     
  -4.04917602923507     
   2.94898266143513     
   1.59704006561580     
  -3.62118755355499     
   2.79665915431784     
  -2.73278106278862     
  -2.00169362555516     
  -1.71683585376370     
  0.507394289528142     
 -0.595761858985704     
  0.333105766157236     
  0.577459125258184     
  -1.37714593377703     
  0.116107574070875     
  -1.27827491187190     
 -0.225819751479244     
 -0.565995624789862     
   1.38405850952709     
  0.197869204859522     
  0.221233852542821     
  0.361586707251908     
  0.283178230314453     
 -0.971382201976614     
  0.318742311754839     
  0.102443743518574     
 -0.227700934817475     
