 -4.503281186571044E-002  0.166942732573864       0.156672892337191     
 -0.164492385903474       0.394412786406582      -0.135038063603760     
  0.518714449276430       0.653232295524551      -0.108139528497850     
  0.100810523630285      -0.400286885984048       9.742350362631433E-002
 -0.621304127193078       0.239974245621151      -0.604092884433096     
  0.425307909823555      -0.556858721604221       0.219618571516985     
  0.322294057424534      -0.541180051104506       0.402798974720469     
  8.283654854958156E-002 -7.884061063595624E-002  0.448328981006156     
 -0.586034277435452       0.322902592033259      -0.203979546733181     
 -0.445394897837783       0.161779515797762       0.485594088156770     
  0.518372712557771       4.692273668015836E-002 -0.224642480240819     
 -0.164880893264443      -0.318424526356967      -0.331677064128676     
 -0.533255672499649      -0.136647253300256       0.301841672559105     
 -0.145263253152609       0.505994095164445       4.413530806400607E-002
  0.212540580596789      -0.453749358108784      -0.375039524408860     
 -0.249402178445621      -2.264969248565750E-002  0.312145217579065     
 -0.263357019727061      -6.625457167510124E-002 -0.249270970494134     
  0.173806095360836       0.226316166348626       3.286810169788097E-002
 -0.108882525521686      -0.137483243615918      -0.431211217091540     
 -0.229132979583945       0.263977604916999       0.179511794580091     
  0.332906393711499       0.260978574533291       0.487542130507540     
  0.364360930736927      -0.105421937814665      -0.136120281326417     
 -0.591169239794316      -0.602318292331187      -0.612230187542500     
  0.778285329920282      -0.295281799908950       0.102643359673325     
 -6.725903206207670E-002 -0.898879873566955       0.391636818699067     
  0.374770831391981      -0.688433420462045      -0.286752877207287     
  0.258801204115496      -0.769057097581288      -0.209215321965419     
  9.087733517067308E-002 -0.360359360831667      -0.233443352529370     
 -0.321373655487916       0.347768891897189       0.396456961395663     
 -0.249030442822996       0.346654014921960       0.383705922969527     
 -0.233252451529997      -0.675006350231641      -0.317068409054004     
  0.233848551967992       0.455743616150353       0.504574129238588     
 -0.355378529742891      -0.503763852838714       0.686675020647605     
  0.900185124058049      -0.184197675730252      -9.350253746964000E-003
  0.724278346987504      -0.488503596578149      -4.968134082973651E-002
  9.704441357117270E-002  0.338420995900220      -0.215241475893272     
 -0.133242434643406      -6.656956099052988E-002 -0.596324649519702     
 -0.675697795952749      -0.139280843411534       0.344837824644124     
  0.330948827843653       0.453714761571202      -0.309310289951568     
  0.450738095128609       0.449231194011946       0.523718488708063     
  0.304175892917407       0.312007561443507      -0.678446839342643     
 -0.987918857310622       0.629156778809441       0.403695316641805     
  0.734617714685326      -0.690220900157292      -0.109464633917026     
 -0.244320385681467       0.784530244191553      -0.607735744815893     
  -1.60178852829186       0.595102427353164      -0.651222207535639     
  -1.85700331228566        2.00515825127770       -2.03275248502146     
   2.34647754086610        2.48974220265985        2.26980266417574     
   3.44466632683089        2.92106702598964       -3.07294744207672     
 -0.659916411611159      -0.311615585562782      -0.348190807299395     
  -1.30425795389972      -0.640193327152851        1.31468265626578     
   3.03325779201844       -3.74982080054717       -2.85147213366997     
   1.22938762817489       -1.70144705665821        1.01956545178656     
  3.779061317773430E-002  -1.90277304110596        1.84100329799246     
  0.328245256368172      -0.667698825040790       0.809082429250247     
  0.728251755820056       -2.56301172304792        4.21849761627619     
  -1.44686084656126       0.927570392014800       8.416323874326506E-002
  -1.10596435170388        1.01199547181127      -0.477040422958900     
 -0.508286547578312       0.317500916117409      -0.893342646205850     
 -0.370742582697931      -0.256733195008307      -0.151600760104379     
 -0.781637784131208        1.46798612461993      -0.768375843829935     
  0.113482645758876      -0.839619382240367      -0.423055488009140     
 -0.479204525054104      -9.804243403027087E-002  8.627699741574490E-003
 -0.353077149130286       0.521530177322587      -0.124335765688006     
 -0.378810214960886      -0.722987299576529      -0.422489995628242     
  0.572419838341743      -0.283224774692697       0.967024334994320     
 -0.705372446685240      -0.192945734846148      -0.350377001507896     
 -0.478226321762496       1.217078810423497E-002 -0.121732586865057     
  4.478868963142497E-002  0.103122628280251       0.112748775331814     
 -0.638267734762274       0.311678910760707      -7.251785341884824E-002
  0.430507071786139       0.198427377652144      -0.102604201199996     
 -0.249528312430484       0.406324781826508       0.110353636649185     
  0.340187606376382      -0.265490696475665      -0.543969453916412     
  0.775435357972342       0.237155911624625      -0.620933734487502     
 -0.357793441647351      -0.334189496761712       0.381183052642204     
 -0.405596646255438      -6.178119550998938E-002 -0.347214016620476     
  0.375721676773693      -0.375942175098365      -0.231585533771868     
 -0.477969302845543       0.662915358939464      -0.654095140114437     
  0.392042655105475      -0.301610319800671       0.236878652533186     
  0.364393633751513       8.975704313208102E-002  0.591623853065458     
 -0.312938030049739      -0.161566760661892       0.438630449406960     
 -0.157823390262237      -0.577009520344356       5.849005702938497E-002
  0.381306912863989      -0.589105407405136      -0.235378844410001     
  0.277318346260394       0.133250023141340      -0.205080118065291     
  0.334472327489354      -0.435505102123253      -0.505388855420380     
 -0.693513921992972      -0.197766846927288      -0.325800339998385     
 -0.122477250421130      -0.173364721158492       0.203771868342349     
  0.172358970819328       0.254241478471776       0.485138442476623     
 -0.126132525215721       3.476191212267240E-002  0.384209523599491     
 -0.408898573740727       0.236572263933894       1.982950389546919E-002
 -0.135630148351717      -0.114961200190971       0.342629281117975     
  0.417862791022935       1.940620182410731E-003 -0.106111838269247     
 -0.368952909910061       0.317081088771379       0.457980752704225     
 -0.429457197243588       6.939115185534557E-002 -0.408718419747657     
 -0.434411809006865      -0.402577798355038      -0.142999056321321     
 -0.515067938636519      -0.380463099982554       0.329020153249116     
 -0.527491283256486      -0.258371974994526      -0.191901417772521     
  0.264793411532853      -0.459030079987048      -0.170639270359065     
  7.321707535161390E-002  0.577966563962645      -0.102668251786655     
 -0.406539641198542      -0.276825456026438       0.268410578789821     
  0.212201367187870       0.239135596256743       0.671015844381526     
  0.298293998579542      -0.499148677536031      -0.141603743028644     
  -3.82481049987679       -2.18360338258255       -2.89090034139390     
