 -0.395001993244456     
  0.422791053537376     
 -0.395268123733897     
 -2.672595826974164E-002
  8.658951488215738E-002
  9.105994380226431E-002
  0.291962172795827     
  0.430917744339212     
 -0.116360333777136     
  0.185352194816471     
 -0.252701035994649     
 -0.220356756891323     
 -0.313908635499558     
  0.248731003903063     
 -0.444745504792577     
  0.507812284415347     
 -6.681983524352481E-002
  0.350864705965390     
  0.491076679465820     
 -0.255812799789708     
 -0.530724113334280     
 -0.224625113375162     
 -0.436570760005648     
 -0.411855580052010     
  0.539524735504329     
 -0.420863689202521     
 -0.187873097695764     
  0.257159743902212     
 -0.280277942846706     
  0.114974889811424     
  0.112358882013168     
 -0.245615099135410     
  0.148031470791021     
  0.111124766697799     
  0.294430690614708     
 -0.155036649713319     
 -0.248822922970512     
 -0.195435791082614     
 -0.478816086828350     
  2.805656791117389E-002
 -0.207762244181395     
  0.442148032387657     
  8.671544294842320E-002
 -0.227929800948548     
 -5.537453694288389E-002
 -0.541721530436638     
 -0.183110469866579     
  0.464277858366778     
 -0.326970389324420     
 -0.406460822529341     
 -0.329008468406349     
  0.147970841215469     
 -0.215274763205890     
 -0.464984624840402     
  0.136026426728214     
  0.375738676364642     
 -5.269750829579947E-002
  0.396768418931578     
  0.133108584675586     
  0.324153930329717     
  0.530608187445329     
 -0.376625115261482     
  0.306527506961339     
  0.225473468892551     
 -0.200433472094189     
 -4.944277252098780E-002
 -0.271121815757424     
  0.127775408393651     
  0.144269323033178     
 -0.112350585423187     
  0.354296335780692     
  0.571256881585889     
 -0.335638316940904     
  1.829039451220873E-002
  0.207374825218408     
 -0.372449334525291     
 -0.252071778701730     
 -2.176973396231783E-002
  4.167642494128386E-002
  0.238729577764301     
  0.499022651465125     
  0.502179028346362     
  0.380765799120560     
  0.495247943751182     
  0.253617812727179     
  0.321565885910452     
  9.843094981232964E-002
  0.346568963029280     
  0.238213562859608     
 -0.191503371570089     
  4.913584666214915E-002
 -0.497552814147897     
 -1.557525281604993E-002
  0.196427312403829     
  7.747663190989257E-002
 -0.352053434976118     
  0.108680226701577     
 -0.200482563294961     
 -0.397967416804998     
  2.896867425413683E-002
 -0.139449027129379     
  0.218284876261901     
 -0.291399471441208     
  0.218825458923451     
  0.404888840217669     
  1.034008627539248E-003
  0.497149908502962     
  0.142644379718784     
  6.676892243146035E-002
 -0.210423271647142     
  0.230030536702434     
 -0.515307264673221     
 -0.103703210727345     
  0.126680986244691     
  0.117928719794774     
 -5.717052846962771E-002
 -0.365221388739146     
 -0.519314899413624     
 -0.113156617958764     
  5.894402676733459E-002
 -0.380484574305896     
 -0.367734573397421     
 -0.307913283548657     
  0.172494412228067     
 -0.448730587154173     
 -3.760076141304329E-002
  0.222255653783795     
  0.239785237673229     
 -0.387286148917508     
 -1.232310822048885E-002
 -1.225244675506644E-003
  0.349042205662820     
 -0.474101525417867     
  0.323880582380328     
 -1.300764083235992E-002
  0.337940792083900     
  2.654529592228563E-002
 -0.220183825530513     
 -0.340977397665627     
  0.412749816828548     
 -0.144272108304412     
  0.191676403372300     
  0.156777552565109     
  0.530729225762577     
  0.420297992201361     
 -3.957150219998950E-002
  0.398695615300693     
 -0.545043398559185     
  0.297941028918967     
 -0.553568606971062     
 -0.173541130439801     
  0.511055306259201     
 -0.446180147969724     
  0.378142373783483     
 -0.239250459843363     
 -0.359938708497373     
  0.111823652346175     
 -0.258094734471195     
  0.136297566727655     
 -0.147451941684312     
 -0.303989535534152     
  5.477443165069864E-002
 -0.275444787210071     
 -8.024228703789014E-002
 -3.394104411472916E-002
 -0.270014285572656     
  5.848280093058702E-002
  8.634126282981905E-002
  0.530913278851621     
  4.910933007069489E-002
 -9.654015092984926E-002
  0.392177322838188     
 -0.281248871443701     
 -0.123279022968981     
 -0.170745281082482     
  0.369675982339261     
  9.203203724429325E-002
 -3.120399086205116E-002
  0.151603543744666     
 -7.184791318314293E-002
  0.239891136369549     
 -0.494254004940715     
 -0.394572083053705     
  2.670482470041792E-002
  0.361553838568996     
  3.804853754655184E-002
 -0.147594795920424     
  0.237534524421079     
 -0.108169210641422     
  0.387992245559335     
 -0.409250981762817     
  0.453371827648299     
  0.270016647007283     
  9.640921729959067E-003
 -0.350353404090415     
 -4.628234327317644E-002
  5.095053887558370E-002
 -6.910523241554925E-002
  7.900415303531724E-002
 -2.099959396181866E-003
 -0.183917869363929     
  0.293197256001106     
  9.879255381251556E-002
 -3.772587540890554E-003
  0.532983831868743     
  6.272482691997226E-002
 -0.241419941601118     
 -0.417961083121494     
  9.057455727585972E-002
  0.355154669046394     
 -0.235326443347756     
 -0.343597546938190     
 -9.927257327205209E-002
 -0.448858273248776     
 -0.275918273115612     
  0.490222249670216     
 -0.490387611881303     
 -9.536911555483479E-002
  0.501729284167854     
 -8.110528630812179E-002
  0.265848540355539     
  4.307969110048569E-002
  6.670045121985774E-002
  0.117443812872105     
  4.868623527123341E-002
 -0.166521039968399     
 -0.517120967666615     
 -0.282924796897102     
 -2.005561001929733E-002
 -0.277024263117685     
 -0.109557583030071     
  0.328449724139124     
 -0.443474363824596     
  0.224560789641238     
 -0.443117158447130     
  0.290177810882164     
  0.465807871682703     
  0.424936606769988     
 -2.911938827887637E-002
  0.303650648776655     
  0.285951711671600     
 -0.218018288457849     
  0.323833817045238     
 -0.289750057414621     
  0.195955044410757     
 -0.211909129099437     
 -0.495195376638248     
  0.168119661583019     
 -0.259658202129591     
  0.216278925517484     
 -0.189576257616249     
 -0.377575294922327     
  1.912724347090589E-002
  1.552389269224136E-002
  0.252908976747983     
 -2.092003892944570E-002
  6.702907362777262E-002
 -6.915128921171207E-002
 -0.383759774949169     
  6.418365826945072E-002
 -0.209864943193879     
 -2.334649963264649E-002
  6.669627329090277E-002
 -0.490641145970543     
  0.269206766189091     
  8.396740870003852E-002
 -0.522736397378567     
  0.384855231234207     
 -0.279780477886070     
  0.115944778432716     
 -0.192714450554058     
  0.262095627018077     
 -0.178385246788347     
 -0.109237502163356     
 -0.344307838894350     
  0.162888092674049     
  0.507774348733450     
  0.300440430855259     
  0.124545423404580     
 -0.176080876690014     
  0.301770269491468     
 -0.475581567522303     
 -0.117796281252712     
  1.000814012594012E-002
 -0.391541697502282     
  0.240958037873379     
  1.576939570531450E-002
 -0.174935300233300     
 -0.370432248215033     
 -0.349465075415277     
 -0.377503777075713     
  0.125656073782171     
 -0.170691065835246     
  0.510749543632007     
  0.188761392571774     
 -8.037085054188896E-002
  0.262248907961075     
 -0.310367530685646     
  0.333330684630794     
  0.375737611404159     
  0.444840404883885     
 -0.311838933058554     
  6.721413502997693E-002
 -0.310709637373115     
  3.490476329684248E-002
 -8.558158836505776E-003
  0.387059785588457     
 -0.482520483946629     
  0.393857237492053     
 -0.238515020857182     
  0.432431811974318     
 -0.506417188679809     
  0.390855253837983     
  0.163032996151561     
  0.379437144767659     
 -3.542434414135182E-002
 -0.424257694349889     
  0.213053769360430     
 -0.378249979234092     
  3.325332621491695E-002
  5.762862661734861E-002
 -0.320329912222256     
 -2.592875706174872E-002
  5.200693787924419E-002
  0.122780559929965     
 -0.161590355839449     
  0.112128284234969     
 -0.341749159107278     
 -3.417985552544026E-002
 -0.447559516720188     
  0.400841245734101     
 -0.180011977773667     
 -0.180998658200270     
  7.940954075562216E-002
 -0.191687661467116     
  0.324510682167692     
  0.427851643311124     
  0.149018668132309     
 -6.075903290910398E-002
  0.192429229371448     
 -0.305292548602749     
 -0.278611318299288     
  8.573419604805566E-002
 -1.333624089808561E-002
  0.330507381250650     
  9.180905884310399E-003
 -9.596037832892100E-002
 -2.092269133285277E-002
  0.123724451503558     
 -0.130061294764750     
 -0.133717710596138     
  0.419389587324497     
  0.179235116445787     
  0.504771979820545     
 -0.353239673367226     
  0.193989518180188     
 -3.529267535670255E-002
  0.137604868509862     
 -0.333136275156794     
  0.248450419523732     
  4.558092450810314E-002
 -6.435189594771577E-002
  0.132185708453902     
 -0.119597747179027     
 -8.890124799506667E-002
  0.552346988471136     
  0.146839998587087     
 -4.628440229076265E-002
 -0.109583668697330     
 -0.260279141524541     
  3.493252957338735E-002
 -0.472482530974984     
  0.193189187054414     
 -0.537609381376677     
 -0.459475303713623     
  0.414360838032718     
 -0.385665901715384     
 -0.425064230462877     
  0.428537847974229     
 -0.108579942304699     
  8.475188148593540E-003
 -0.272467439577804     
  2.303056661211784E-002
  0.417773431622323     
  0.553314815817971     
  4.678729493433895E-002
 -0.291969495049734     
 -5.632931245876176E-002
  0.158822473090985     
 -0.178323664111232     
 -0.348206074090922     
  0.311930745915670     
  9.498992466942395E-002
 -0.380610334039195     
  0.438167609131874     
 -0.196999042095889     
  0.345234188701314     
  0.519393551290843     
 -0.413426007834781     
 -0.229389771127419     
  0.275508644653609     
  4.243866952989930E-002
  0.136743706434177     
  0.330697489268105     
  0.277365134280451     
 -0.267878645192861     
 -0.412453065346343     
  0.265817941057515     
 -4.599596226475239E-002
  0.204675387962352     
 -0.224771386695310     
 -2.786431146667028E-002
 -0.398561884806870     
 -0.300890072597168     
 -4.162932724697871E-002
 -0.342038069685190     
  0.501328795437509     
 -0.394556428398553     
 -0.270643474241126     
 -0.254150625431566     
  2.459663893704245E-002
 -0.421098066210136     
 -0.275424115904429     
 -0.499621292856438     
  0.215242858638980     
 -0.524242774334019     
 -0.428662612861269     
  4.512150064739554E-002
 -4.934668477383319E-002
  3.095677026914277E-003
  7.294058446474389E-002
 -0.521239187945043     
 -0.173500490951034     
 -0.334124189626174     
  0.368289613356279     
  0.194775810313837     
  0.374205972308503     
  0.257999050947046     
  0.474400963182104     
 -0.420214314928333     
 -0.346943806885490     
  0.452208020106467     
  0.412448750376650     
  0.134876831772818     
  0.141618417608049     
  5.200494031108817E-002
  0.443188081993085     
  0.432548943336251     
  0.838598273951904     
 -0.228853211858033     
 -0.230388525207344     
 -0.325319970724351     
 -0.576684016806114     
  0.310943133871113     
  0.191426432564088     
 -0.397467199085158     
  0.378472946850067     
 -2.627660859804687E-002
  0.339073468990656     
  0.270282049857851     
  0.405791205296753     
  0.157034222030009     
 -0.322703500259294     
  0.380057446124981     
  5.213087515577442E-002
  8.737021153603405E-003
  0.202355457814156     
  7.906092278546709E-002
  0.322288854498055     
  0.233298098773402     
 -0.390116017681825     
  0.106090151690168     
 -0.107946704211748     
 -0.671482086552121     
 -0.421700873426449     
 -0.355678813591403     
  0.465977962103993     
  0.125428067453028     
  0.423070554898020     
  0.394257663843045     
  0.360825072559014     
  0.138752339949363     
 -0.205302323953309     
 -6.581667548638387E-002
  0.525577377915097     
  5.242402977028106E-002
 -0.494863246616037     
  0.294520794399817     
  0.142346895067660     
 -0.742259206203767     
 -0.108228995950966     
  0.121250370528034     
  3.535589079744318E-003
  0.303158503872339     
 -0.752720673602341     
  0.179601664072035     
 -2.892909976583828E-003
  0.365791193545346     
  0.140078888721431     
 -0.372248303529508     
 -0.322458217130161     
  0.122193180438443     
  0.176368660455539     
  0.435889629803482     
  0.105600361331355     
 -0.393312797685210     
 -5.680421742505511E-004
 -0.319157455357304     
 -0.125955316231891     
  4.389722866286409E-002
 -0.301718750460438     
  0.239324670740772     
  0.442273073052574     
 -0.244221300309240     
 -6.235083681663516E-002
 -0.542391210545779     
  9.433956281830189E-002
 -0.521592657625006     
  0.462784674530199     
 -0.419950173343361     
  0.437799199480187     
 -0.120418951585013     
  0.175074718061581     
  0.115087059015547     
 -0.169577757410719     
 -0.151072515546113     
  0.178904096034268     
  5.552257231014165E-002
  0.475334689265843     
  0.371207009963872     
  0.517369852433249     
  6.354705873261253E-002
 -0.462295262583069     
  4.530005665087003E-002
  7.067578111891910E-002
 -0.170468370302028     
 -0.343313316488529     
 -0.744352524054015     
 -0.530715658571382     
  0.413231443188592     
  0.157388308922661     
  0.529803871363381     
  0.363577703003098     
 -0.332130961820728     
  1.902702871411406E-002
  0.205609146142839     
 -0.479614193396610     
 -0.504118885973906     
 -0.392659455052627     
 -0.327420794860618     
  0.237365766872411     
 -0.570958817598262     
 -8.819793187646845E-002
 -0.207586705761804     
  0.171076598250882     
 -9.158696155499810E-002
 -0.306173135471880     
 -0.311033444178874     
 -0.313396634964288     
 -0.515800664879925     
  0.138879547450847     
  0.311733134139582     
  0.265841075467532     
 -0.499835124261347     
 -0.250645913913567     
  0.414266765599992     
  0.292718978142332     
 -0.312252067973353     
  0.236706440573402     
  0.323138386776842     
  0.126709820346468     
 -0.375006744914106     
 -0.497950308517529     
 -0.387401411773464     
  0.714666181935418     
  0.957180070317306     
 -0.260800491169016     
  0.134484435568846     
 -0.178958589140561     
  0.133214297639996     
  0.376852910139382     
  0.256429696677343     
 -0.271711637020999     
  0.501653091910053     
  4.086111656926450E-002
 -0.174669912343944     
  0.167255442213948     
 -0.222755530595885     
 -0.419232118121878     
  9.606255800439500E-002
 -0.256078208941076     
  0.255507682159967     
  0.464579242948394     
  0.398247672525325     
 -0.258785396434859     
 -0.286741386883797     
 -0.104917499385780     
 -0.294365831562328     
  0.113275270180396     
  -1.00004207895678     
 -0.271471721640501     
 -0.508417110883690     
 -0.271358137742480     
  0.376911351794143     
  0.227013712883066     
  0.153756146657092     
 -0.335067504575398     
 -0.233118428109270     
  0.275365973195540     
  0.556861737349573     
 -1.458270621234254E-002
 -0.445059410572703     
 -0.235314464373030     
  0.385781611359806     
 -0.323742603720623     
 -0.299260305623353     
 -8.902013235911001E-002
 -1.068250695811349E-002
 -0.416251092914867     
 -0.108282049573567     
 -0.565990901036952     
  0.255181670632219     
 -0.274621971932525     
 -0.350704526284937     
  0.318730759645370     
 -0.255648725069062     
 -0.259045136992106     
 -0.193999985897432     
 -9.154486162226348E-004
  7.302290264027343E-002
  0.406821436245691     
  0.533374503370841     
  0.469118708436830     
 -0.162299335917101     
  0.155766577733801     
  2.803043811088430E-002
  0.520033779540805     
  0.851997858975843     
  0.996866587396412     
   2.49622527597474     
 -0.174746328182868     
 -0.850008416154804     
  0.451777832437092     
  0.144722369572883     
  0.148065305711633     
 -0.113502436585754     
  0.411495053468088     
  1.176339355386719E-002
 -0.136372481033044     
 -0.149077104697079     
 -1.037489375259207E-002
  6.310590867701811E-002
  0.457811875535945     
 -7.118425824018691E-002
 -0.203617173382535     
  0.448797235577512     
  9.244910396345506E-002
  0.147873635347846     
 -0.267618630992357     
  -1.21145854040855     
  -1.54501659466000     
  0.641002550355979     
  -1.07031695337045     
 -0.817523712841112     
 -0.481110351816127     
 -0.525769718928624     
 -0.543835893958090     
  0.518050454462104     
 -0.490110975544787     
 -0.444009153821908     
 -0.142225185013026     
  7.116279964611924E-002
  9.266168954040448E-002
  0.341877039056661     
  8.017662541687990E-003
 -0.353602525676098     
  7.418523918617433E-002
  8.660241647138470E-002
 -0.640863158815037     
 -0.756396902233727     
 -0.866084104533440     
  -1.79352366510546     
  -1.07143300361120     
 -0.929460400803416     
 -0.200755533935734     
 -0.292235855550971     
 -0.206478649537085     
  0.308626234041272     
 -0.250712085113705     
 -0.329312999151713     
  0.344554512508087     
 -0.547907457692462     
  0.396408500315349     
 -3.750609608932702E-002
 -0.451048405558538     
 -0.103437824239240     
 -4.198717599499388E-002
 -4.933794929318049E-002
 -0.185269527207415     
  0.279976424177118     
  0.608033736533010     
  0.580569697201230     
 -2.696430912795626E-002
  4.728516431826782E-002
 -0.779391728737763     
  0.378736341967986     
  0.174548252506204     
  0.362609671401846     
  0.649253024330768     
 -0.206527505481612     
  0.161003999369021     
  1.022714002746842E-002
 -2.969723278527248E-002
 -0.109709959433557     
 -0.355278885791348     
  6.982490852736976E-002
 -6.519282421449690E-002
 -0.122589407313034     
 -7.251077236688105E-002
  0.460716681635474     
  0.362709153145454     
  0.242136315341143     
 -0.721891009838723     
  3.583487771077348E-002
  2.967498919467308E-002
 -0.895752811297244     
 -0.176334745622305     
 -4.138866622949207E-002
 -0.710400271555129     
 -0.310361378210729     
  0.208733354335124     
 -0.179205699206642     
  0.185638447034717     
 -0.373877835389324     
  0.120029399080183     
 -0.438685596959843     
 -7.887107829396811E-002
  0.390011462014661     
  4.915628227004955E-002
 -0.510668519278158     
  0.458170418684728     
 -0.421556756422245     
 -0.286010421828274     
 -0.167320260144026     
 -0.145869438939482     
 -0.157884247072870     
 -0.578225816901534     
 -0.936452796344289     
  0.288020313002947     
  0.188062844556284     
 -0.296161731412942     
 -0.331562463812719     
 -0.136814763681964     
  0.213729230128686     
  0.223416747183579     
 -0.232465309875146     
  0.466575050919339     
  0.308593548224032     
  8.260189576687980E-002
 -0.465862596157120     
  0.397840893033740     
  0.249971824489261     
 -1.034329719092478E-002
  0.260303682789918     
 -0.269910919503463     
 -0.500932167748277     
 -4.131209331736174E-002
 -0.951049392983729     
  0.966372331782549     
 -0.183624936310571     
 -0.313631761064000     
  0.319189138173629     
 -0.219237735066691     
  0.445226950373207     
  3.404354021156224E-002
  0.167827171189262     
 -0.203172982393942     
 -9.378073398544769E-002
  0.125282129597613     
 -0.369610229361452     
 -0.506752107302945     
 -0.458594428322157     
  5.740247966665469E-002
  0.377512271458809     
  0.239917199540516     
 -0.245738846040194     
  0.388535040787197     
  1.703162346905791E-002
 -0.501506081191158     
 -0.324819120343723     
 -0.455398182516832     
 -4.730994683002411E-002
  0.165476950216533     
 -0.247016993644689     
 -0.378405907178989     
 -0.162687374112886     
  4.308239593238565E-003
 -0.245284546533182     
  0.487132338249304     
  4.744512290115453E-002
 -0.407554102306645     
 -0.178846862073342     
  0.268520477625999     
 -0.333265192436332     
 -0.240059009589109     
 -0.514084874272168     
 -9.765572055119284E-004
  0.413421465528866     
  1.350139517556588E-002
 -0.591943136788405     
 -0.574728009705210     
  0.389071658888781     
  0.596139911015081     
 -0.483792553250858     
 -7.356130540992155E-002
 -0.297903433205387     
 -2.735184214754453E-002
 -0.246119533455926     
  0.174195626568202     
  0.388631180044354     
 -0.499792090779160     
 -2.837104711894908E-002
  0.429969318976801     
  0.450515584422533     
 -0.204143183481204     
 -0.319534335460892     
  0.466852243050628     
 -0.419723819352210     
  2.505380124060723E-002
 -1.502234491837812E-002
  6.690617861687030E-002
  0.258649229229635     
 -0.280977100713471     
  6.436143689014881E-002
  0.159789002822063     
  0.463439899814072     
  0.500320446531971     
  7.869704539603910E-002
 -7.415636591434674E-002
  0.427866608345386     
  0.121754404742360     
 -0.302517606341622     
  0.436067008688798     
  0.228873230742680     
 -0.414149584095512     
 -0.452095562413127     
  0.290105743233323     
 -0.135017762933960     
  0.270734868590434     
  0.112725965514725     
  0.179465739274418     
 -2.903706920182652E-002
 -0.124923497910237     
 -3.661744404088064E-002
  0.140782976509216     
  0.347811955344973     
 -0.248943228282490     
 -0.354701797816999     
 -9.814097341424367E-002
 -0.154006213361085     
 -0.477335459077190     
  9.345332792960383E-002
 -0.270923039254969     
  8.853614598587843E-002
 -0.291614841716536     
 -0.306872528833800     
  9.015673626470333E-002
  1.130319702772483E-002
  0.511931109043664     
 -0.259782468374987     
  0.571424086660389     
  0.332179773727570     
  0.120634909481565     
 -0.434990714512004     
  0.211703187199154     
  0.606050617138417     
  0.443294533202686     
  6.017069036502885E-003
  0.170329883428463     
 -0.370203142604688     
  0.278055724253074     
  0.393306656250086     
 -1.185724801259352E-002
 -0.372787154886802     
 -0.312444430994742     
  0.275811857167806     
  0.429555608679619     
  4.517741226243679E-002
  0.451818554383648     
 -0.272534291571602     
  0.168808656795797     
 -0.158066305521143     
  0.152472397867240     
 -0.273825408465126     
 -0.330774714523149     
 -0.385749047878901     
  0.167620197723180     
  0.366619789012989     
  0.243343608392196     
 -0.488564534509412     
 -0.271417783725298     
 -0.150756358232431     
 -0.152033092910814     
  0.175928243189036     
 -0.246136222637921     
 -0.220458843798369     
  0.130103373601314     
  0.271212033473970     
 -0.255450108650165     
 -0.130720513320029     
  0.312897902231420     
  0.299379065853840     
  0.200349807437503     
  0.272467711940702     
  1.538824635559058E-002
 -0.518406834262645     
  9.386361136529218E-002
 -0.281789579447813     
  0.692159778017112     
 -0.131099376158484     
 -0.485084991725445     
  0.414755767698493     
 -4.859343966385342E-003
 -0.305451668254868     
 -0.413968959574290     
  0.160537326451457     
  0.128062776465494     
  0.229978907120181     
  0.209956332388410     
 -0.181337873378283     
  0.466943689506938     
 -0.499411502721622     
 -0.140359575138084     
  2.676960175417754E-002
  0.251687545927850     
 -0.504417878735264     
 -0.425229818961006     
  0.648984802323424     
  0.159996684255257     
  0.282498565091836     
 -0.356084051818810     
 -0.106259141278805     
  0.247274964454453     
 -0.364831975620626     
  0.374684402267331     
  0.509916960917618     
  0.327802510559026     
  0.430455235681125     
 -4.093131034578658E-002
  0.356732016003118     
  0.128512677400277     
 -0.524753817006995     
  4.910881202531257E-002
  0.174452450373707     
  0.132923787497362     
 -0.130412339877302     
  0.319111356749984     
 -5.354512984480563E-002
 -0.466915229875007     
  0.340948429445556     
  4.084173315044667E-003
  0.514873820095754     
  0.288282578057160     
 -0.324617009744290     
 -0.197011909550467     
  1.185978814056280E-002
  0.340461549035596     
  0.208396306238509     
  0.310064239298121     
 -0.304618312839154     
  0.303369461285625     
  0.405087600762922     
  0.527207221351106     
  0.309746098262320     
  0.286776150626324     
  0.237935659259882     
 -0.154482153005396     
  6.789255792453548E-002
 -0.372564816413593     
  0.369411439141647     
 -0.512283081364628     
  0.117087663114490     
  0.311348691012153     
 -0.409731882538031     
 -0.130313838462597     
  0.148421715998380     
  0.151444183419189     
 -0.361583142390604     
 -0.375624188468406     
  0.200395191193088     
 -8.378596541235495E-002
  0.487385366249312     
  0.480723611078654     
 -0.344827962982451     
  0.469978279202441     
  0.349139010520106     
  0.163442646699460     
 -5.501237190369590E-002
 -0.391904083407469     
 -0.189357373240466     
  0.603961395044473     
  3.528591503487160E-003
 -4.110095313504146E-003
 -4.858195151613249E-002
  0.425166326794899     
  0.334286177513271     
  8.232228363413781E-002
  0.256137765275454     
  0.187703379125686     
  0.425526783999664     
 -0.101863854777610     
  0.245793549281959     
 -0.272751572896339     
 -0.166191527561047     
 -7.208255198873885E-002
 -0.538279709723036     
 -0.151833349877171     
  0.245676738660125     
 -0.260333410233606     
 -1.880781820877682E-002
  0.474106677040414     
  0.474866857170951     
 -0.444775923514322     
  0.329462432195304     
  0.349373042298841     
  0.500143364905200     
  0.385430441105025     
  0.449792839131421     
 -9.163895572250703E-002
 -0.145314944385595     
  0.194909348574606     
 -0.150298634048379     
 -0.438401205891854     
 -5.976455727250485E-002
  0.192141615492607     
  0.476557162651830     
  0.210515975650701     
 -0.387484627066335     
 -9.314393792752070E-002
 -6.845883580615766E-002
 -0.143616521024066     
  0.170506566462509     
 -0.224090398278325     
  0.243111230752646     
  0.100774726527359     
  2.065780646539840E-003
 -0.210670040041050     
 -0.410421872832738     
 -0.175578856670391     
  0.488089573507528     
  0.244509664967097     
 -0.316788778868703     
  7.877400410045245E-002
  6.577490860814576E-002
  0.255160721665051     
  9.570619924140679E-002
  0.221071275972722     
 -6.893121315978505E-002
  0.314161194019826     
 -0.234651692649306     
 -6.528599998381920E-002
 -0.203850864541147     
  0.325393097809698     
  0.416181748671134     
 -6.103571706733333E-002
  0.409548981565094     
 -0.312478798119159     
 -0.282479306588238     
  4.066477504939651E-002
  0.124342536664847     
  0.466710687417614     
  0.281776634252689     
 -0.194565466281858     
  0.394682363593336     
 -0.504337223948868     
  0.437122461872502     
  0.106150393715090     
 -1.737882659316481E-002
  0.235383418935950     
  0.142766685655458     
  0.253634406546957     
  0.165643804118349     
 -0.246338662559708     
 -0.375096859006999     
 -3.898119281181339E-002
  0.139285104258767     
 -0.451159964684450     
  0.309401883815959     
  0.396369903431603     
 -6.861797148116461E-002
  8.999306619929549E-002
  0.297608506766509     
  0.508615847527018     
 -0.180878346811218     
  0.344737688446876     
 -0.102403850508237     
  0.169383418575379     
  0.247867233586416     
 -0.242436744506314     
  0.129845399500599     
  8.171494050855997E-002
  1.076386558887471E-002
 -3.664988875771939E-002
 -3.259827119903715E-003
  7.591514952713986E-002
 -0.115856544813147     
 -0.155531159671240     
 -0.227095683160377     
 -0.291325292859449     
 -8.093129941196453E-002
  0.189795042458913     
  0.349694934313875     
  0.379696476879159     
  1.628251228274161E-002
 -1.318875723054925E-002
 -0.349371512549035     
 -0.282572663282871     
 -0.160460818609598     
 -0.450980170808093     
  0.234029745704228     
  9.940710607928899E-002
  0.146134017625922     
  8.424054047703482E-002
 -0.287137851007178     
  0.295287627581812     
 -0.459518963113293     
  0.436150520348253     
 -0.280504782415017     
 -2.200548569442696E-002
  0.513720374724517     
 -4.590392857155958E-002
  0.190429862773352     
  0.301950288861063     
  0.400073606890120     
  0.207805478078043     
 -0.446930880986919     
 -0.173564894218026     
 -0.476326841188559     
  0.283385962459102     
  7.480155676807274E-002
 -0.448612256271212     
 -0.319779714579311     
 -0.247519182094159     
 -0.365397110361447     
 -0.197936890993462     
 -0.197374566322684     
  4.113189285775836E-002
  7.434883808396565E-002
 -0.468223332537063     
  0.445119969766032     
 -0.425057348063697     
 -0.407477338522464     
 -0.462460763720254     
 -0.423526481166118     
  0.408601831104202     
 -0.516414685150520     
 -0.327958448233556     
  8.753775943100120E-002
  0.446026116347886     
 -0.373180254513826     
 -0.237866513462490     
 -0.239442053054080     
 -0.473329748237929     
  0.324025915643163     
 -0.421210421620127     
  9.265200623301789E-002
 -0.565437168527861     
 -1.915694986978652E-002
  0.391116065911181     
  0.456703716993946     
  0.553014931489844     
 -0.377241346780485     
  0.174480994568215     
  0.354449949230354     
  0.320724520756448     
  0.265514160737197     
 -0.463816318143749     
 -0.109815969773760     
  0.296019008647175     
  0.210204378341914     
  0.287684303848497     
  0.516688532805554     
  0.298118960190410     
  0.283292871803516     
 -0.182465098412993     
 -0.126716793723238     
  0.225365906882742     
 -0.366482513031278     
  0.117889252627588     
  0.202175519479618     
 -0.163088218139915     
  0.439221038393655     
 -0.224987065620180     
 -0.492959130238420     
 -0.498041287812476     
  0.438657040860728     
 -0.187426460914148     
 -0.325576722755765     
 -0.200935357239503     
 -0.221559247457942     
  0.457246978680915     
  0.169799302123516     
  0.435700492156820     
  0.247885860046682     
  0.197341075385750     
 -0.201418367864234     
  0.251789742424112     
  7.244865011761856E-002
  0.207608261741641     
  8.280763710384521E-002
 -0.486893630066718     
  2.404774284745210E-002
  0.474154637320387     
 -0.449592649403278     
  0.410155968867606     
 -0.137205088422798     
 -0.511501095457691     
  0.296114135210174     
  0.194967761075461     
  0.351168803678278     
 -0.386732374790774     
  0.427617273198855     
  0.117188403785123     
 -0.375090758992634     
  4.746804957995312E-002
 -0.229170069529780     
  2.594962971039558E-002
 -3.424142662588286E-002
 -4.404630909941241E-002
  5.035369921246714E-002
 -0.537652980227070     
  0.463861533426587     
 -0.496948537938096     
  0.308530204745431     
 -3.080274244011156E-002
 -0.105328284541148     
  0.311293572359207     
  2.318411890131703E-002
 -0.373707881424390     
 -0.193832000365330     
  0.473248336431322     
 -0.395519030611413     
 -0.265210258977519     
 -0.174621919282865     
  0.372050123085090     
 -0.224789620870204     
  0.212995333598520     
 -0.359728506545106     
 -0.191620631685496     
 -8.171125809636477E-002
  0.327163797383938     
  0.281407930527743     
  0.276154315262510     
  0.137006492575800     
 -0.265751091514611     
 -0.336233992142102     
  0.498734344025992     
  6.705278929646454E-002
  0.310893648496818     
  8.734035313095133E-002
  0.148899214588198     
 -0.248893617028468     
 -9.614641281858717E-002
  0.137313568181128     
  0.254622748824610     
  6.859336813518777E-003
 -0.270056839103889     
  0.149274190936779     
 -0.286729745664414     
  3.770563908665955E-002
  0.133491629126616     
 -0.486120777321240     
  6.472915479655804E-002
 -8.710086614965494E-002
 -0.294385266052614     
 -0.283888033307141     
 -6.458744283125657E-002
  0.491368530935222     
  0.331559232600676     
  0.240612374871613     
  0.345070758050514     
  1.664557824013259E-002
 -0.491941207928862     
 -0.243613411543246     
  0.183894039364242     
 -0.148560809222809     
 -0.206949892883507     
 -0.167602696128387     
  5.610269930324709E-003
  1.354683343219273E-002
 -0.137381416311035     
  0.110512552244834     
 -2.595567161253395E-002
  0.170637941513777     
  7.281322423460186E-002
  0.119615268725265     
  0.513321930715430     
 -1.511221618739189E-002
 -0.247356577811301     
  0.191320554582975     
 -0.199806893216612     
  0.462938155037907     
  0.182837336277279     
  0.457203095209057     
  5.662967316247099E-002
  6.318889537297065E-002
  0.368415265707707     
  4.278375556270033E-002
  2.343950032169539E-002
 -0.418054427877953     
 -0.339386642698884     
 -0.195035201577254     
  6.906418325140509E-002
 -0.504824898643940     
 -0.456389571001360     
  0.450972766941912     
  1.529686579153314E-002
  7.673960778687935E-002
 -0.210520915227433     
  0.500938767168990     
  0.312226461350604     
 -0.331067363739183     
  0.208130329220815     
 -0.412366330196249     
 -5.909474430292945E-002
  0.551891154189900     
 -0.522817685940314     
  0.183765570730607     
  0.251619506225574     
 -0.413682469489660     
  9.393795521560969E-002
  0.467458598511839     
  0.114068186285905     
  0.190090987267367     
   1.47850206553297     
 -2.616171049378770E-003
  0.568938107772672     
  0.223262146979530     
 -0.782017137660750     
 -0.415596270982830     
  0.147251742577955     
 -0.258017021077434     
 -0.220412390144514     
 -0.150816001503720     
 -0.493725826216523     
 -4.995809185907257E-002
  0.354575519525326     
  0.351184683095368     
  0.361395106060481     
 -3.202099328985319E-002
 -0.176599827303649     
 -0.113135516816965     
 -0.468437368044837     
 -2.682893434994721E-002
  8.633736849797224E-002
  7.244601749624169E-002
 -0.399497212530894     
 -0.349600670614819     
  0.261604287204766     
 -0.216363479787996     
 -0.420862729188822     
 -0.439849839447746     
  0.443778502075912     
 -0.414242885728692     
 -0.180137496977736     
  0.429248482667536     
  0.379713616137413     
 -0.152812951185174     
 -0.327096672678790     
  0.486308863322503     
  0.393559864585161     
 -0.438908345926914     
  0.267460583546191     
  0.210412051176671     
  0.395699936231088     
 -0.470723119957579     
 -0.443462464288745     
 -0.273608988738914     
  0.453839633105371     
 -0.316808637017876     
  0.397329372106236     
 -8.479356167745106E-002
 -0.125183152320544     
  4.694667344091441E-002
  3.301446438771150E-002
 -0.125630066536975     
