 -0.468074795310736      -0.420231774393533       0.135028455949059     
 -4.399250311745972E-002 -0.324449580207850       0.159214428730813     
 -5.652995409641443E-002 -0.255259485348456       0.168087105396120     
  0.100143397745816      -0.273630954269115      -0.353423051653465     
 -2.565042197306188E-002  0.194087684662035      -0.451013429830146     
 -7.655560142376633E-002 -9.310431953697038E-002  0.453661238138437     
 -7.717171581716709E-002  0.230454944117237       0.432329160042041     
  7.864130536199669E-002  0.329811926024680      -0.337082412226158     
  0.466133264014675      -0.438399941131236       7.193498933795946E-002
 -9.869687407565439E-002 -0.217850127315002      -0.182504058051775     
 -0.201846917914820       0.229837703414979       0.430509717108518     
  0.216325989053538       0.115407550963220       0.113171712826086     
 -0.165481505740487       0.380266286777097      -3.631451646761946E-002
 -0.541255077225937      -0.160827661246637       0.110363296321457     
 -0.500804281263203       0.401289272885281      -0.186788802324727     
  0.752190162298477      -0.468514571442069       0.480369535912685     
 -0.584271051766878       0.139503278682743       0.315796905484926     
  0.139973861031022      -0.189246443201450       0.293216662480372     
  0.299965211416499      -0.171105046809736       0.178496922483681     
 -0.290874044388093      -2.863787284178607E-002 -0.379619128445784     
  5.182450369456629E-002 -9.901798206743118E-002  0.240553202932735     
  0.247344975476860       0.304255201866159       0.182749496402370     
 -0.307804394126903       0.533188205301788      -0.290877804775198     
 -0.167463668279677       0.323281230847881      -0.629841060146692     
 -0.111630730159617      -0.136212072073617       1.792436775219276E-002
  0.444708125275201       0.444197797364528       0.320467189667585     
  0.369280220012348      -0.331898975517669      -0.440218784511741     
 -0.345426867224296       0.584619625346568      -0.576545228751378     
  0.199681599907979       0.133357893364852       0.568804316977211     
  0.296119075478741       0.496340253769906      -0.676003214656588     
 -0.463269215241030       0.545855094707776      -0.262244233802688     
 -3.927095323455220E-002  0.478661692319593       0.181290334717055     
 -0.196286100036501       3.258845914451097E-002  0.734510161332336     
 -0.142770772675295       0.462907907198844       7.142627776533812E-002
  3.450330972843836E-002  0.724530165521617       0.433097718706401     
  0.620237744138071       0.430904704776800      -0.591708610237411     
   1.14096909882684      -0.459959092990905       0.179057007762379     
  0.518671852646761      -0.761247489967937       0.608700286575357     
 -0.241438682707938      -0.279982935753987       0.269893705045277     
 -2.497688083501937E-002 -0.251156779284395       8.182266448837126E-002
 -0.512187062325470       8.990393366756630E-002 -0.168622533064015     
  -1.69712565760246        1.64848071521468      -0.863072758574376     
   1.39691425618745      -0.340131995152172       0.185705769790114     
  -1.55319198070054        1.39690730908045       0.587516488035937     
 -0.731308158001874       0.980077315945212       -1.63916410167003     
   1.94251448019173        1.69810158430053       0.687467685485802     
  -1.23858874817532       -2.77165656845911      -0.723131387833030     
   2.43109489223272        4.63270867940254       -3.57839723416217     
 -0.269515072413252       0.577326177889317       0.825091870864983     
  -1.87666308123278        2.24367380088121       -1.77012760575207     
   2.51659427112683       -2.24019939484894       -2.77634470399624     
  -2.13170219725157        1.70947861314925       -1.74770056919984     
  0.793682514045435        2.47602496369183       -2.56245472200068     
 -0.870379998506857       0.424202596934830       0.881330945265136     
  -1.83504412321250        1.27407183719120       -1.99602389484310     
 -0.999531911470332        1.79677256434369       -1.44508536559413     
  -1.13754102158699        2.04554654520537        1.96850091885469     
 -0.794370175728312      -0.455718946785023      -0.458918332028912     
 -0.472046776860015        1.26241168429901       -1.19601950362737     
  2.014787828013424E-002 -0.891926381661798       0.347670062400102     
  0.485364607707972       -1.49288480268715       8.980952309735386E-002
  -1.33318886053540       0.435807974542181       0.140281437377153     
 -0.358383954590529       -1.52190156774548       0.230252594728668     
  0.590209388728289      -0.389564568859313       0.279036052812374     
  0.784430170607332      -0.685038271560683       0.185662634173521     
 -0.749635510579702       9.016242095548929E-002  0.105022019420081     
  -1.09842361700000      -0.209962395642544       0.375031888532105     
  0.281666464993185      -0.929766367479146      -0.401801794799826     
 -0.223288316914765       0.171467828003059      -0.664403521186544     
 -0.575348701135964      -0.296570569144720       0.110153823385542     
 -0.480782719505370      -0.193991242254909       0.820554932148117     
 -0.348721441373850       0.691975758976482      -0.190682986173056     
  0.327436009837901      -7.058294819480324E-002 -0.387413913007277     
 -0.535634958292445       0.299756846240615      -0.339953439534476     
 -0.300461246280174       0.303574898959529      -0.641419665092830     
 -0.350972952219117       4.460738166437279E-003  0.421869193680837     
  0.527368094610917      -0.270747449973054       0.288441582399297     
  0.420812803566394      -0.172808173265671      -0.426536944386587     
 -4.878454342055303E-002 -0.213160019214347       0.163877786198828     
 -0.708277133198309       0.211503805766643       0.140130214647348     
 -0.467867537455667       0.290937242870973      -0.564854000023604     
  0.404842853577021      -8.257055765521744E-002 -0.513186570723560     
  0.153335850063699       0.235120997931723       0.298895843889669     
  0.531415426855067       8.210862211086906E-002 -0.304494517506642     
 -9.630324266515583E-002  0.190817929966031       0.489990097167880     
  0.204945757350262       0.556939368404411      -0.371896921919549     
 -0.168429920158112      -0.213774817453131      -0.502794553378445     
  0.443173834612608      -9.940729293588062E-002 -0.150574736857919     
 -0.430258813896050      -0.461033227304909       0.105549271388452     
  0.195724305655654      -0.272852471462663      -0.491016020348698     
  0.550893818685420      -0.355835818280631      -0.146649305406845     
  0.559336086217136       0.393663919103625      -8.642959834816714E-002
  0.267521138102923      -6.446490727012735E-002  0.127504754779653     
 -6.309875104104808E-002  0.330782869757292       0.168984535572705     
  0.196910391589225       0.232386588110419       0.151931799274795     
  0.447463900269297      -0.661911370471986       0.392856224614279     
 -0.466299627980914       0.608260917550825       0.602725802295744     
  0.262149400544580       0.330625535240664       0.166011317851484     
  0.303925943173453       3.791644903656295E-002 -0.180747144629098     
 -0.559282409345732      -0.171857261031057       0.571617579358512     
  0.172729696399787      -0.250376528946119      -0.150402441742402     
  -3.96086692776240       -1.91627564540833       -1.84226407122149     
