 -0.582074924385594      -0.188579117982987       0.183158920120290     
 -9.956399102626554E-002 -0.434601962190552       0.241730199178903     
 -0.359147051937990       0.168418095011665      -0.700682916933183     
  0.263164872308796       0.404770994818746      -0.353980954863418     
  9.727505417598427E-002 -0.289621773132387       1.077101522464442E-002
  0.393050331172770      -0.196160046463558       0.339772819902937     
  0.237435281904457      -8.284194836933528E-002  9.071556828026907E-003
 -3.049670732641312E-002 -0.494738967475692       0.168626379746664     
 -0.196027376005258      -0.180905669424153      -0.559333975467572     
  0.612337735642862      -0.472200804090155       0.372608506087902     
  2.378446677452681E-002  0.188534402238059      -0.497632860256529     
 -0.107846890447190       0.439845012153403      -0.476507578858853     
  0.442788600227684      -0.297031430472077       0.446997364587219     
  0.504450055818152       9.260722184048766E-002 -0.393721161880591     
  0.382748920699741      -0.629465724358666       6.739872303648052E-002
 -0.249668183396333      -0.118869408233116      -0.306438874339027     
 -0.687264049788326      -0.146744323564357      -0.199210599520503     
 -0.372694313563312      -0.125866903608456      -0.656254529833354     
 -0.391158022837862       0.370289476295706       2.127433302276078E-002
 -0.676153692190798       0.641317901835256      -0.227654488619859     
  0.741934702243145       0.153696467338472      -0.100222938662940     
  0.489825820440631      -0.308469085809832       3.490217514046960E-003
 -0.797459662486040       0.514410776444214       0.689067690340730     
 -0.815630271939104       0.562731808176796       9.444878608042373E-002
  0.953840536963510      -0.403932147846831       0.133719236069445     
 -0.140682619900141       0.255380338328528      -0.505746295316725     
  0.810553439718623       0.102651017260450       0.310654545451119     
 -0.210346315910163       3.928142357679317E-002 -0.642413530790087     
 -0.232637806488491       0.647174116888718      -0.480524033921631     
  0.660616490367943      -0.247517797718595      -0.415379751020037     
  0.125149480845929       0.488772663355892      -0.354563128338040     
 -0.300151024902818       0.678362139392954       0.143164318957239     
  0.517673430830116        1.06556958977263      -0.524864252812260     
  0.185370924602999      -0.729849279034496        1.16911868969057     
  4.925625157579266E-002  0.205414230860383        1.14536930955115     
  -1.57690844895432        1.64450385983319      -0.619921645526741     
   1.31178515633592       -1.27107784852650       0.266203613797600     
   1.21086759652502      -0.237497724746440      -6.418543969149226E-002
  -1.53164409367820      -0.858037738001660      -0.616412153720474     
  0.670554129045438      -0.520692864316313      -0.651678431669059     
  -1.41190000071423      -0.313680951572280      -0.834605990286838     
  -2.89299929393862        2.41554789416207       -1.98692729462693     
  0.796094747266672       0.549551073974272       -1.07789549350093     
   2.73387824360568       -1.86673826426486        1.77283572942072     
  -1.19154589182247       0.524517510133725        2.85879131360200     
  0.564362487122296       -1.00341132351796       0.896205116864012     
   2.45750022927712       -1.11744354683980        2.02021885622657     
  -1.34491758478307       -1.76084371437698       0.160034326052446     
  -2.86715242728782        2.69839326533519       -3.08595060570906     
   5.46561734893480        2.00027419260274       -2.59363084822010     
 -0.268410172614908       -1.87787358028604        2.41552272176892     
   5.02376368714579        2.90359441420318        2.53231764677357     
   1.52653829408566       -3.45115992154281       -5.72333567863099     
   1.65321554916966       -1.57203150760495        1.56603836711359     
   1.91524338603386       -1.53733690007053       0.916955517160479     
 -0.928569868370213       0.482054268617040       0.948743598424880     
   5.29878157103930        4.46935952752186       -5.28467058155604     
   1.65249005428124       -1.56484590779346        1.67351747825639     
  -1.95648342901893      -0.484151288367751       0.455338229212260     
  0.379071471821874      -0.536707493877497        1.80780031289080     
   2.04351821256158      -7.260688666836053E-002   1.56299714715673     
 -0.165145312404440      -0.568660271522595       0.385089069600129     
 -0.417490248027520      -0.326379249220009      -0.894143967907470     
  -2.34291512869786        2.72083853951209       -3.04137744086625     
 -2.109661821891502E-002  0.392284356147776      -0.997793097991695     
  0.757858523570459      -0.574323169912139      -4.938824724137740E-002
  -1.26276408138323        1.67993158787077       -1.23571049300563     
   2.49183398992538      -0.475095768513494       0.746912093736270     
  -1.09424448143552       0.729636164577689      -0.422097703562788     
  -1.75056919464081      -3.434334493334388E-002 -5.800571008734190E-002
  0.864833667097326       0.393668447057706       7.710446002769164E-003
 -0.779581405823738       0.428626800400844      -0.444432494836214     
 -0.522925504367345      -0.620453680825743       0.347377146081299     
  0.344545062053955       0.139889620709736       0.863494092702636     
  4.807259686081503E-002 -0.380790971069843      -0.244122258641506     
  0.830580684473469      -0.452165794245823      -0.165554416575566     
  0.213696114083509       9.672692429775011E-002  3.737078875575475E-003
 -0.340617580827883       0.383516506692773      -0.524547340234519     
  0.246496009765905      -0.729191592562128      -5.363145526642531E-002
 -3.428252995570392E-002  0.203123787732367      -0.875693463034252     
 -2.372203192872962E-003 -0.264709672816153      -0.415864468573248     
 -0.280812516517589      -0.159193748510339      -0.592864440384357     
 -0.234188688838112       0.563553259142883      -0.159416091792719     
  0.973420864023863      -0.465783525069143      -0.141228894538770     
  2.272864637925127E-002 -3.451616809096721E-002 -0.351544835765476     
  0.541176562101971      -0.278642070215524      -4.747013986112164E-003
  0.666623919185893       0.435525558674496      -0.455332446026821     
  0.868685444256441       0.333028239898820      -0.219717577695014     
 -0.645405535898031      -0.150567276596990       9.805473689805691E-002
  -1.11534775777294       0.362314956724060       0.175368601464002     
  0.294221683642110       0.363799505203974      -0.573670409662583     
 -0.718379347671481       0.441493224656952       4.813538823010223E-002
  0.455375926696652       0.151822544949178      -0.241419287761746     
 -0.377864891312585       0.446959785586523      -0.113282028463133     
 -0.202368479315519       0.612913051859295      -0.302109106515708     
  8.281572954237833E-002 -6.739623487566661E-002 -2.012250966327218E-002
 -0.197646754102217      -0.299184885656773       0.298990257449938     
 -0.547578045143806      -0.410655224195936      -0.465171083486618     
  0.364541324052437       0.269126526083305      -0.324040312455340     
  0.401304018419034      -0.183362591692423       0.228421581798120     
  0.179758971900034      -0.299311365247922       0.311079471657780     
  -3.33847146354980       -3.33784981879025       -2.72882463466549     
