 -0.449436058556232     
 -0.508983433262632     
  0.567246468971473     
  0.655261000567404     
 -0.432417406773970     
 -0.226867677707191     
 -0.353125925812282     
  0.829727976225689     
  2.825521466824137E-002
 -0.418275290482127     
  0.817222418049265     
 -6.747358403944738E-002
  0.487179411691299     
 -0.341536188293905     
  0.472810157966259     
 -0.100577759928590     
 -7.401239279874547E-002
 -9.809725475008362E-002
 -0.383917260435774     
 -0.138492212943071     
  0.373782068672265     
   1.05780544326203     
   1.29853853210329     
 -0.562022169957710     
  7.442277364283605E-002
  0.171200126063382     
  0.135744575576640     
 -0.204219193891033     
  4.959092484158503E-002
  0.352609786130029     
  0.136142704288462     
 -0.273895096827885     
  0.301331514096496     
 -0.397272116801032     
 -0.206304046174131     
 -0.878831163955465     
 -0.152536364713263     
 -0.321663009515657     
 -7.271542261302660E-002
 -0.197684122196881     
  9.625661475855808E-002
  0.434824416149605     
   1.67394879792524     
  0.893159098213414     
  -1.03285351443654     
 -0.390006594590398     
  -1.35127142349304     
 -0.686919409549090     
  0.523668089980610     
  -1.33590526076249     
   1.22042973375310     
  0.195093670682809     
 -0.166006646499588     
  0.252363320903297     
  -1.34890706359057     
  0.702953876717279     
  0.105150204031116     
 -0.378462827020007     
  0.779340447001461     
  7.911962629347652E-002
 -3.688782217988098E-002
 -4.529591445805903E-002
  0.444958104744890     
 -0.314710848729329     
  5.836807786169919E-002
  0.669270982274426     
  0.982483813440859     
  -1.21185319135737     
  4.429059332239931E-004
  0.621227457524650     
  7.161919468354350E-002
  0.449958234650926     
 -0.240224134686800     
  0.767154248445310     
  0.919189338503564     
  -1.01358011571999     
 -0.441772741585778     
  0.947214940709059     
 -0.201354455939711     
 -9.509056169820457E-002
 -0.316234833941931     
  0.505566619915039     
 -0.304009153443008     
  0.424248946912093     
  0.443817424364262     
  0.727184970882214     
 -0.399363015421885     
 -0.324457275553487     
 -0.732798570363392     
 -0.646340118989141     
 -0.175039502697582     
 -0.348133335781147     
  0.994038486667476     
 -0.541399052100980     
  0.197944289403426     
 -1.994045058232059E-002
  0.130135753000609     
  0.309654585160122     
 -0.648892375752439     
  0.319995593152701     
 -0.435158508664009     
  0.306219124959933     
  0.140350267543157     
 -0.510008372396038     
  7.167718002332443E-002
  0.846853541172310     
  0.681734336581734     
  -1.27645925862782     
  6.505218546631010E-002
  6.879715726196343E-002
  0.237687315869953     
 -0.163462119015317     
  0.510854915658867     
 -0.541158740078131     
 -0.408771278734438     
 -2.691102225008738E-002
 -0.749217736510088     
  0.838549385982262     
 -0.233349276664768     
 -0.289396498943036     
  0.139055631350996     
  0.440023246565670     
  0.700007349304620     
  0.447369437649667     
  0.347387607209331     
 -0.202380856397810     
 -4.635479908253023E-002
 -0.233971769937238     
   1.53883768190855     
  0.478601927911026     
 -0.567271451521329     
  0.336235065235136     
  7.097331048997108E-002
 -0.293703734910484     
  0.750467262906470     
 -0.333853745465755     
  0.359137765230041     
  0.794112553299405     
  -1.01787606540273     
 -0.264096080051155     
  0.520069312366370     
 -0.381880660016817     
 -0.650414902677500     
 -0.694335905645137     
  0.386404988209244     
 -0.216444438879157     
  0.204950084883975     
 -0.757322282321445     
  0.517765727665866     
  -1.00682562138491     
 -4.469101745428798E-003
 -0.510217931286433     
 -0.659573514312113     
  2.966356139124002E-002
 -0.210620820060122     
  0.378662340917036     
  -1.27213486964813     
  5.133124270417540E-002
 -0.546057132232421     
  0.406440375793784     
  0.239662141963806     
 -0.235621445720741     
 -2.221479760611642E-002
 -0.673496215550478     
  0.172349438975166     
 -3.681188262833075E-002
  0.503766452530024     
 -0.368938830230828     
  0.703520770564087     
  0.236590445603494     
 -0.886285025365732     
 -0.439167059567802     
  0.190085711773338     
  5.679249963981758E-002
  0.709564099307261     
  6.712026279804692E-002
  5.914039624010411E-002
  -1.19819526809017     
 -6.769645198313592E-002
 -0.253221830188715     
 -0.214585933599407     
  3.800504304897306E-002
 -0.504115471074194     
 -0.291183112858169     
  0.750805361741030     
 -2.179615542996071E-002
 -0.230419614476113     
  0.749731360473163     
 -0.240222910739928     
  0.322326022887909     
  0.288118113396297     
   1.63835032971053     
   1.70269562150249     
  -1.46443317125937     
  0.394213164367933     
 -0.115549847390762     
 -0.358865114915260     
  0.710713364968626     
 -0.881972233451131     
 -0.114559088857142     
  0.183369464959314     
  0.176619898304671     
 -0.873485003903936     
  0.837788668334823     
  0.170756366652982     
 -0.589988031941793     
 -0.771557282049444     
  0.193081536033529     
 -0.488863559337158     
  0.192071949296185     
 -0.222254902674979     
 -0.382518963739805     
  -1.11446778301047     
  -1.16273904340767     
 -0.547524817893095     
 -0.327844875650375     
  0.712935196376590     
  0.108084309404701     
 -0.369514171172629     
 -0.936170819424968     
 -0.198703278076191     
 -9.157761711697883E-002
 -4.244254991271498E-003
  0.511326771487648     
 -0.752251984976636     
 -7.720655954324972E-002
 -0.265331530446996     
  0.680968675418619     
 -0.113117771596146     
 -2.472544640470584E-002
 -1.646196019401538E-002
  1.231893290759457E-002
  3.870294029553111E-002
 -0.301226790827135     
  0.561580722917200     
  0.156444028580984     
  0.131629283435730     
  0.296387591580533     
  2.792006930495133E-002
  8.836850635170214E-002
  -1.35101353564363     
 -0.156827941750269     
 -0.312887729773999     
  0.395083550622506     
  7.259828712896581E-002
 -0.466904261580922     
 -0.183617921539305     
  0.938299693137834     
 -0.166292483672678     
  0.147053053958952     
  0.281327608187686     
 -0.405803682663610     
  0.236577951639796     
  0.400025654179881     
  0.210306999361289     
   1.43210330629887     
  -1.84327087509937     
  0.283874924755940     
  0.429977707846180     
  0.588459621879771     
 -8.284028869231212E-002
 -0.461978232137033     
 -2.560869889862166E-002
  0.124384287080032     
  7.497324998087372E-002
 -0.440807211218290     
  0.640479829167840     
  0.812180399134745     
 -0.219415626624518     
 -0.109844546244088     
 -0.473692283819992     
  0.163835195535352     
 -0.334712794704219     
  0.124388286101011     
 -0.435590513365075     
 -0.909712977917726     
  -1.14964255050083     
  -1.72778596145849     
 -0.142577521397537     
  0.548742895452855     
  0.722629847605600     
  0.574951836286758     
 -0.697160603733715     
  0.540127517562540     
  0.423527969269911     
  3.126025305456595E-002
  7.023069970726052E-002
 -0.489695633034035     
 -0.421643414825421     
  0.174722142550186     
  0.256305373991832     
  6.656029454447984E-002
  0.578122049188091     
 -0.492687315584868     
  0.607015087412074     
 -8.707455463890468E-002
 -0.876916732354475     
  0.776487410733531     
 -0.396608057062370     
 -0.754675173886545     
  0.548384592905813     
 -4.910957358392900E-002
  0.606623883447189     
 -0.971956679032215     
  0.539015338767315     
 -0.237162789050947     
  0.279808708595149     
 -4.405230097486072E-002
 -0.189515842646184     
 -0.790396656734908     
 -6.978836279928100E-002
  0.426457771619699     
 -0.219732599580104     
  8.289322855030226E-002
  4.885815121415679E-002
 -0.280319625256424     
 -0.226095746981100     
  0.594208372580105     
  0.359826338096539     
  -2.93899760485973     
  2.505592560141765E-002
  0.164713652568715     
  0.318264326305327     
   1.00226094785832     
 -0.460354126059919     
  0.857137688164253     
 -0.292694760214362     
  0.150605103820845     
 -0.292701421979626     
  0.635234230247635     
  0.469360446814283     
 -0.600895209236459     
 -0.742212706966840     
 -0.587461157289136     
 -7.873161981162742E-002
 -0.445789169351333     
  0.126932480090906     
 -0.392999202385340     
 -0.383051856388761     
  -1.47942015955506     
  -2.58951346125989     
 -0.400367916678763     
  0.269256270295398     
  0.179264251049462     
  0.714327276701643     
 -0.468555535154083     
  0.763136088263832     
  7.856265760532674E-003
  0.248914113831251     
 -0.178940599116637     
  -1.11777404968299     
 -0.417495646403470     
  0.906058536788549     
  0.198499669658482     
  0.372461356500471     
 -0.225298876525680     
  0.285401823021789     
  0.176950648462514     
  0.334404013571058     
 -0.638032249237227     
  0.843321961779516     
   1.09776381539877     
  0.891378498989467     
  0.678343758833596     
  0.301014147129184     
  0.169305596852606     
  3.321189632298455E-002
  0.978923552711716     
  0.570172820614670     
 -3.142884267079767E-002
 -0.171721880658515     
 -2.030764084431824E-002
 -2.449899938260371E-002
 -1.277767832226841E-002
  0.715655525827246     
  0.599328782593225     
  0.520857186739257     
  0.357476621728679     
 -0.310819723030557     
 -0.482198486250790     
  0.614410891592366     
 -0.143501066287516     
  -2.63611141897053     
  4.280606499126147E-002
  0.391663781210604     
  0.407125146003405     
  0.458351135870666     
 -0.437604754418000     
   1.04023191456296     
 -0.469212833686573     
 -0.260029626755916     
 -0.536108318680275     
 -0.349890843075793     
 -0.404693862942509     
 -0.976628301092047     
  0.132153472013977     
 -0.143750580654536     
 -0.307573285674805     
  0.520173259387493     
 -0.198000722008865     
  2.397101274588076E-002
  0.275189163244509     
 -0.971618067465661     
  -2.53032793593329     
 -0.521394322651225     
  0.445863926265095     
  0.311351730025837     
  0.222924259105656     
 -0.543872680223348     
   1.04372752366184     
 -0.234992657490489     
  0.227397803712748     
 -0.243958631272594     
  4.128962985033848E-002
 -0.603835509501309     
  0.262555191404313     
  6.934858865098055E-002
  0.427069226934143     
  0.316815315612935     
 -6.531817389583100E-002
  5.589091104191941E-002
  0.129266254159279     
  0.458707423174756     
  0.808623096615688     
   2.08207300092896     
   1.61376233384608     
  0.631262908001618     
  0.375070465367545     
  0.563461428303394     
 -0.205475825968483     
   1.56699088984668     
  0.108720012928208     
  7.155442049045214E-002
  0.276962798135244     
 -0.652989357324012     
   1.40529393806101     
  0.705313318132509     
  4.722415373828399E-002
 -0.118967071178653     
 -0.174863938630317     
 -0.337537416761865     
 -0.143501065173917     
 -4.417662105411967E-002
 -0.448001744125898     
 -0.193573669955240     
  -1.93027277814578     
  0.246813963517165     
  0.753322928999625     
  0.840896274700003     
 -0.641253190360777     
 -2.230359919864882E-002
   1.16693824615249     
 -0.350264149046553     
  0.117401875835368     
 -0.884976934297258     
 -0.613007634478440     
  -1.27981810034815     
  -1.09132117231420     
 -0.402747110511342     
 -0.275177218898187     
  0.337320159867007     
  0.316568689197424     
  0.712326817154203     
 -0.233342304628855     
  9.923358120501202E-002
 -0.149889767839456     
  -1.95230919311767     
  0.417205146511066     
   1.16230466006987     
  0.179993843396496     
 -0.393778322421347     
 -0.182301804536308     
   1.06388814278018     
 -0.151267988007631     
 -7.744236797808511E-002
 -7.550076453866469E-002
  0.110090418893349     
 -0.888759518433933     
  0.487895916972983     
  0.181102940725251     
  0.268732546723366     
  0.168860162536189     
  5.443563351915853E-002
 -8.008191588777920E-002
  0.108755801459189     
 -6.983973373528900E-002
  0.819998739361465     
   1.73280766820757     
  0.318922872000263     
   1.05563342642122     
  6.994514652752370E-002
  2.505296720384392E-002
  0.118229125053355     
   1.43855530018344     
  0.383429590891706     
  4.830208137359393E-002
  0.569591764696057     
 -0.743540448823843     
   1.46559783214400     
  0.320543284743360     
  0.279393141444575     
 -0.114002990440270     
 -0.417305590468409     
  0.315331534804129     
  0.135029519273306     
 -0.172286168836097     
 -0.314536215470774     
  0.522111764568534     
  -1.70984371106220     
 -7.496054417731127E-002
   1.10427497648098     
   1.11526596770484     
 -0.232971399767059     
 -0.278839939197543     
  0.537730389740375     
  -1.17202203141274     
  0.110927925013872     
  -2.82095167514849     
 -0.584780335995653     
  -1.36858025594774     
  0.102451324793275     
  0.289761205366711     
  0.352371172056432     
  0.229413459503756     
  0.588468721458689     
  0.245217938640337     
  0.426224425285005     
  -1.00564681893608     
  0.245585998491968     
 -0.376659650447580     
   1.19328636717407     
   1.04887559030642     
  0.531128719648391     
  0.353197531188422     
 -0.537449267393514     
   1.18879745894921     
  -1.49806825938599     
  0.589483899651846     
  -1.52949816421341     
 -0.915181214878105     
 -0.840148653369002     
 -0.177693267575306     
 -0.374068940369566     
 -0.314568188860747     
  0.162969933897588     
  0.269505926352323     
  7.402163491248949E-002
 -6.861337495506221E-002
  0.193080802169051     
  0.527950343468141     
 -0.576673026727604     
  -1.39726933342272     
   1.29126572137210     
 -0.758884190998875     
  0.484546195668069     
 -0.291309009897122     
   1.25324563893353     
  0.598930898529693     
  0.448837656394867     
   2.37154267482814     
   1.42178526666169     
   1.88118108680816     
 -0.590453025399155     
  0.188321795497202     
 -1.440771618178956E-002
 -0.602684900959427     
 -0.322473846065236     
 -0.273863260433837     
  0.472879604032572     
 -3.039817605147501E-002
  0.437643866617634     
  0.674988138080586     
  0.121578547416546     
   1.20813786725865     
   1.02072706185294     
  -2.27975434534157     
  0.103243379636885     
 -0.379168389971344     
  -1.11768461143834     
   1.91961277861964     
  -3.23271347077216     
  -2.04856921656848     
  0.377688460270885     
  0.156594884990429     
  0.232974062385561     
 -0.378995749277344     
  0.199193137478203     
 -0.310434168092473     
 -0.327482161709792     
 -0.431933767877213     
 -0.172003163658413     
  0.648353628975231     
  0.315037615291916     
  0.505108637492490     
   1.82877450353583     
   2.60778934761588     
  0.759233748085656     
 -0.433541534783302     
   1.42729195851263     
 -0.384283459358924     
  0.452751291611719     
 -0.822635799039958     
  -1.23487937180984     
  -1.75118325850838     
  0.236877519148305     
 -9.360484312890342E-002
  0.264389416304554     
 -0.220620564089737     
 -0.556604052960022     
  0.308891627834323     
  2.289468660788421E-002
  0.698331018962000     
  0.618107054109273     
  -2.00584081467144     
  -1.24967879656147     
  -1.07365724581379     
  -4.93723237534497     
   2.72840474759705     
  5.174898895754278E-002
  0.504396459301999     
 -0.650909710459998     
  0.283742250411764     
   2.43049084665774     
   2.23983284481698     
   1.38000351755212     
  0.316714896637783     
  0.370367111526219     
 -0.312761406369102     
 -0.274399008359811     
 -0.457407499392048     
 -0.469787113958994     
  0.144840792623344     
  0.398736006678575     
  0.767964632867871     
   1.86318559365181     
 -0.562047273179460     
  0.675231052292247     
  -1.36742816988959     
  -1.60202012027387     
  -3.22999016751319     
 -0.734636173218060     
  -2.86256633183864     
   5.36787674589207     
  -5.61420457554403     
 -0.129621254598328     
   2.83512772673619     
 -0.572130314185590     
 -9.465676857930094E-003
 -0.591107812237068     
  0.433658516373258     
 -0.184196839392029     
  0.355707658754701     
  0.485512211873022     
  0.227730172539415     
  0.676973807230794     
 -4.977940008129686E-002
 -0.187082010181283     
   4.90717485318430     
  -3.51708985991946     
  -1.68814372625303     
   3.16762115734493     
  3.199066776161397E-002
 -0.651926502892618     
  -3.87836049339676     
 -0.232572418898819     
  -4.63597680399325     
  -3.97272605815664     
 -0.553440125011218     
 -0.403674613938848     
  0.243754132779174     
 -0.248021351732480     
 -0.617134172901440     
 -5.663069025306992E-002
 -6.864454602782458E-002
 -0.146080369934518     
 -0.252499834639875     
  -2.15216322605893     
   1.16920688327312     
  -4.75674132542246     
  0.114773669517782     
  3.078221422957978E-002
  -1.69179685945629     
   1.34311526620886     
 -0.893067178802480     
   4.61510931533896     
   5.11663505810065     
   3.49455034205900     
  0.970530115467796     
  0.394482505956295     
 -0.334057459238191     
  0.497984900840966     
 -0.574849090520327     
 -0.109046898652677     
 -0.294670242523642     
 -0.122220930731446     
  0.151473182968616     
  0.640619182220425     
  -1.43926834216412     
 -0.215830476702949     
 -0.839990264803775     
 -0.760832911837370     
  -1.13003114694223     
   1.18414878085433     
  -1.15165396450068     
  -1.19368228499418     
  0.583014133279747     
  -2.52724884465828     
 -0.186356383199415     
 -0.573136981643200     
  0.351800107930928     
  0.529012111156897     
 -0.201219634726652     
  0.942198878724726     
 -1.866160035982841E-002
  0.186869053067166     
 -0.194125692217645     
 -0.476731096534648     
 -0.327965525182464     
  0.378556390443818     
  0.948012547444393     
  0.718230456645823     
  -3.20357540207745     
   9.05314852086236     
  0.162785425289059     
  0.815623800636019     
 -0.899481362699593     
 -2.165478022650179E-002
  -1.33021898147273     
  0.814048427548327     
 -0.907352782307125     
 -0.276873435161377     
 -0.818482116675710     
  0.287425702871562     
 -0.415236878684391     
 -0.150449722653970     
  0.551233175023853     
  0.304772943986082     
  1.423092423746340E-002
 -5.075198574401020E-002
 -0.483833637744924     
 -0.767292772370799     
   1.62100443975633     
   1.62426050074681     
  -5.06253800203450     
   1.01462449669474     
  0.549362324945512     
 -0.163042316377208     
  0.447107280955785     
   2.06544848547811     
  -1.50165664170709     
   1.25103939628753     
  1.073435411493054E-002
  0.801824209193971     
 -0.414161402763178     
 -0.375459585231785     
  0.170426941278348     
 -0.379296855007478     
  0.605357097215403     
  0.432391381175886     
 -0.158763781134416     
  -1.33403625275747     
  0.693072146545986     
  -1.99845825944242     
 -0.286994975547184     
   1.16044019878210     
 -2.413113588640696E-002
  8.831968033497591E-002
 -0.744844255766158     
 -0.207272051021226     
 -0.911552418903161     
  0.327633896529828     
  -1.13233660448942     
  9.643939549723571E-002
 -0.253375999142640     
  3.651847495978132E-002
  0.998339259928252     
 -0.288481076304731     
 -0.244423207949577     
 -0.212635021958376     
 -0.317259958048257     
 -0.667979148117767     
  0.690751268065609     
   1.42334469206877     
 -0.672043096134969     
  -2.29360726869868     
   2.60993463636479     
  -1.04191408793805     
  0.848599147971463     
 -0.325360143545540     
 -0.287611529901867     
 -0.542461171667374     
   3.27562005152851     
 -0.837382093115757     
   1.00367448468509     
 -0.433499164511633     
 -0.110475220648307     
 -0.466472474799006     
 -0.628241950018414     
 -0.383293401296318     
 -0.130204407679685     
 -9.084147389870498E-003
  0.328469009214511     
  8.181884321934040E-002
  -1.21479480572599     
   3.18334187129132     
  0.686065413886145     
   1.00236751589833     
 -0.477584837433894     
  0.470193656283303     
 -0.892510819647149     
 -0.255734764636808     
 -0.342026243409605     
  -5.19440447731941     
   1.07787086980481     
 -0.548035703511598     
  0.405781509943202     
 -0.563784780793570     
  0.167471166744058     
  0.578657948053910     
  0.510120295147426     
 -5.462056533046201E-002
  0.287704632451035     
 -0.131328782727080     
  0.445321417120940     
 -0.358130650146644     
  -2.02836151667416     
  0.649815360154174     
   1.28333264721795     
 -0.517232727761060     
  0.141323506980032     
 -0.617698435688675     
  0.144977144542018     
 -0.452606203245255     
  0.906352384498174     
 -0.691610894393419     
  2.394530318696947E-002
 -0.503289215568831     
  8.428383147742377E-003
  0.360371052150747     
  0.150109150894322     
  0.171037123781031     
  0.120884460636460     
 -0.374577433511689     
 -0.382636040317756     
  0.291959830965292     
   1.27755387175689     
  0.437354214680231     
  -1.13650578100284     
   1.85511879143624     
 -0.746496299348735     
  0.202125040010967     
 -0.461243649134683     
 -2.761488455338520E-002
 -0.430350688472522     
  0.447036754665065     
 -5.986771012680246E-002
  0.464457089199138     
  3.861400731625383E-002
  0.730803689594372     
 -0.628382835491868     
 -0.371830448161884     
  9.673398045868652E-002
 -0.545618352023997     
  0.536889069601942     
  0.360667536524364     
  0.240950651495108     
 -0.659971637293641     
   1.74806597853517     
  -1.19310730595017     
   1.87442569111243     
 -0.186361426757586     
 -4.359654764930952E-002
 -0.573696002428430     
  5.429971378961335E-002
 -0.251168531756384     
 -0.896596557825933     
  0.923004597875466     
 -0.803528546353761     
  0.808901967982765     
  0.440114167098658     
  0.102288287308176     
  0.202598488610237     
  0.232256148705321     
  0.562013447978920     
  8.248400835230746E-005
  0.260768888116386     
  0.556159858035325     
  0.348079321569228     
  -1.64292665837936     
  0.109691799392886     
  0.859639890932124     
 -0.153956022271480     
 -0.494759670836803     
  0.292770353825053     
 -5.378801135650770E-002
 -0.405280706088287     
  0.339557449386049     
 -0.453398385568660     
  0.123952188585452     
 -0.297609432946889     
 -0.292209870535154     
  0.235079270113232     
  0.376276874863175     
  0.168992148906071     
  0.223789774415249     
  0.273997125864240     
 -0.867205897733319     
 -0.247037421936713     
  0.272431926557278     
  0.534305675034155     
 -0.409389320409016     
  0.652854614416138     
 -0.443591192419154     
  2.732124980399084E-002
 -1.171810249646204E-002
  0.266662220571514     
 -0.167908654500348     
 -0.405745663031742     
  0.158876765047930     
  0.203678885306949     
  0.663983340188811     
  0.585640281956792     
 -0.158128151615349     
 -0.557303265653372     
 -1.470021564145851E-002
  0.288520706718545     
 -0.407561054192595     
  0.580531693336847     
 -0.517028285106053     
 -0.339535731140429     
   1.18633576501746     
 -0.299429877986525     
   2.52475431289081     
 -0.820850855825842     
  0.222465933455982     
 -0.142879048568922     
  0.239712424354980     
 -0.336551605642409     
 -0.570195866139424     
 -4.633533547673473E-002
 -0.348312587919827     
 -0.526489406092653     
 -7.810911869473007E-002
 -0.745284856662019     
  4.209300378938433E-002
  0.108489421297745     
 -0.145760246574612     
  0.389727829179432     
 -5.795625723854005E-002
   1.44796683042745     
 -0.405218378356521     
 -0.449953479641190     
 -0.704220057303411     
   1.42315920793186     
 -0.521752074524792     
  5.447530651033126E-002
  0.202986578575225     
 -0.301546301940883     
 -0.188845327666633     
  0.760838496836380     
 -0.337032849293221     
 -0.505884806350288     
  0.725507333421048     
 -0.604488473627997     
 -0.160658122606090     
  0.490672013736281     
  0.250032168498672     
  0.267881016495069     
  4.538610917990833E-004
 -0.396894404636975     
 -0.400165025938694     
   1.05128990152860     
  0.958805284493528     
 -9.246935889267710E-002
   1.11647713507178     
 -0.705753058080413     
  0.259826872441860     
 -0.287522900180310     
  2.799329202610251E-002
 -8.715925951394982E-002
  0.226838945425431     
 -0.311430133988848     
 -8.108762386237593E-002
  0.605709682079332     
 -1.250739691315089E-002
  0.817777912593777     
  0.249184796828689     
 -5.857257316989618E-003
  0.226934295295095     
  7.111310736304668E-002
 -0.174287903008652     
 -0.408166464456769     
 -1.763125991123936E-002
   1.02798813588645     
  0.240584594663162     
  0.604755932261653     
 -0.523513201009893     
  0.463314686205338     
 -0.340950563427593     
  0.269300105349614     
 -0.165750439399450     
  0.361734936351920     
 -0.361830807925474     
  0.386212701497585     
 -0.264726977305248     
  0.240043376236021     
 -0.704353479726910     
  0.499591402856197     
  9.379790931612061E-002
  0.270709337103856     
  0.914963154562270     
 -0.127762741987033     
  0.909658272161924     
 -0.175304254360154     
 -0.732384624728983     
 -0.986644403451882     
  0.332135524446280     
 -0.515991529741269     
 -0.300422666537234     
  0.263237534788209     
 -0.226234520269424     
 -0.332539975266418     
  0.651063315521996     
 -0.556394441021288     
 -0.793645623378542     
  0.564344038114290     
  0.271077371968547     
 -0.229445052118224     
  0.153811178399626     
 -0.222461320692816     
  0.126515727711745     
 -0.420339946914046     
  0.236584674651134     
 -0.259248364885600     
  0.704053120185672     
  0.297675666817201     
  0.276475838315014     
   1.34188190451688     
 -0.728458458751651     
 -0.240761371876165     
 -0.357759508796175     
 -0.178838725093650     
 -7.544180998139161E-002
 -0.313016975031400     
 -0.277729618251000     
  0.435513016716480     
  0.442201060691284     
 -6.050342461478238E-003
  0.608006271897564     
 -0.207173758209272     
 -0.164361669359111     
  0.241027723314549     
  0.319299135702787     
  0.262583418731620     
 -0.246005530652214     
 -0.340830451065950     
  0.553765991804278     
  0.137321187448913     
   1.39189096128327     
  -1.03095484658271     
  0.106381445107403     
  0.157115197724384     
 -0.487186034537179     
 -0.288614496805943     
  0.512344252195054     
 -0.655880296022223     
  0.318681316775627     
 -6.615063011146757E-002
 -0.253632851781216     
 -0.374274887086564     
 -6.123711240503499E-002
 -0.323303016209483     
  0.533669336669052     
  0.101054450936547     
  4.853656390117829E-002
  0.435105315437993     
  3.449334739310465E-002
 -0.357365654570155     
 -0.371065044415293     
  0.898458130705537     
 -0.117238179758820     
  0.306473512643459     
  0.600770303327103     
  -1.00970960636370     
 -0.189602183756774     
 -5.926577499296670E-002
 -0.826895223134703     
  -1.35083561450471     
  0.298700400476476     
  0.405416214542826     
  0.535142728233880     
 -6.331700021446325E-003
 -0.390744791944948     
 -9.301325811841465E-002
 -0.498346539821098     
 -2.000193805876146E-002
 -0.274341141162262     
  0.358548521248491     
  0.213580642685845     
 -0.595756051489439     
  0.753623617405164     
 -0.520309771275150     
 -0.403066311465163     
 -8.894663095726647E-002
 -0.727548169480991     
 -1.639021335403739E-002
  0.529367620626055     
 -0.553911406894758     
  0.907211013723620     
  0.854272637772710     
 -5.211261499751953E-002
  0.582142561087512     
 -0.305546898137740     
  0.245002735925772     
 -0.190545161924371     
 -0.432458594573459     
  0.616840511852577     
  0.154563070099307     
 -0.339671474945922     
  0.933979799071589     
  3.872472075829706E-003
  0.516399326918804     
 -0.546240761086206     
  1.691102821118921E-002
  0.254950885422969     
  -1.11456971647274     
  0.110860495878254     
 -0.222125367431047     
 -0.295625697986512     
  0.135825912056036     
  0.651809877077699     
  0.429392526546313     
  0.276601441629300     
  0.253836515741276     
 -0.116602110544496     
 -6.250497701388953E-002
  0.303368303850023     
  0.152097868469788     
 -0.112561000127793     
  0.281576897408391     
  2.105901802246696E-002
  0.206879001021701     
  0.486258138339562     
  2.301728933426616E-002
  0.629389271909257     
  0.820073033215164     
  -1.02072362823502     
 -0.511127834030609     
  0.376853160117736     
 -0.388523031861164     
 -0.845357092393576     
 -0.926248890793990     
  0.378106670378105     
 -0.224646678212658     
 -0.665187780611983     
  0.376398440264049     
  0.435677603480472     
 -0.512329363789124     
 -0.313478280038079     
 -0.555671444570425     
 -0.146041721898901     
 -0.112654167238878     
 -0.366306314807321     
  0.392820758157170     
  -1.53064188326379     
 -0.129802182992008     
 -0.126767482266928     
 -0.853534513021328     
 -0.230874974695644     
 -0.470893432266413     
 -0.114941035245861     
  0.597322948844388     
   1.54554306343942     
  0.290891628112746     
  0.447315298361631     
  0.548356949227197     
 -0.224903426127635     
 -0.209542540570539     
 -0.216471235756959     
 -0.319728826323246     
  0.705417131700666     
 -5.445117801731975E-002
  0.728110787888391     
 -5.472682117217931E-002
  0.298454272865524     
 -0.616256185724457     
  3.806880647000327E-002
 -0.159315155807833     
 -0.446207180941388     
  0.154432724518663     
 -0.768792758946899     
 -0.288034973599882     
  0.639375770939451     
  0.478272990896593     
 -0.260437507941970     
  0.436918760310063     
  0.394978974096161     
  0.403192877587433     
  0.155537273302061     
 -6.735171878678799E-002
 -0.430370996793897     
  0.408317007587483     
  4.335894015458866E-002
 -0.450906399684574     
  0.165160576584589     
   1.15236162187091     
 -0.784817955012352     
 -0.162058833310651     
   1.02801122189203     
 -0.796119661963793     
 -0.749207741634498     
 -0.253118758622614     
 -0.605663526994305     
 -5.382249324643593E-002
 -5.107238423548421E-002
  0.348221284629233     
  -1.51729543409065     
 -0.341545678694235     
  0.328766681488250     
  0.143355001248242     
  0.364191489162396     
 -9.451318464105467E-002
 -0.166901988249813     
  4.217659073646320E-002
  0.407190153680465     
  0.291525240899138     
 -0.316079614615369     
 -0.560550480988664     
 -7.222726361089626E-002
 -6.690858032155211E-002
  0.439224674655286     
  0.179295073150477     
 -0.579264884806069     
 -6.526101536099176E-002
  -1.16511542908193     
 -0.216305708118676     
  4.636328165786574E-003
  0.854050051577515     
 -0.531138156849615     
  0.106427725663065     
  0.230859177943478     
 -6.612001602485144E-002
  0.292766203834313     
  0.517406882682837     
  3.093086032741495E-002
  0.478248326787832     
  -1.29486569636767     
  0.974730807922908     
 -0.720485862875294     
 -0.537053105921368     
 -0.374911659340547     
  0.222268287290170     
  0.668435404152158     
 -0.638580463109153     
  0.252787761150637     
   1.10947793395429     
  0.589473327286640     
 -0.454772419495067     
   1.25437151870427     
 -0.217181776979140     
 -0.525628846349511     
  0.145217856600768     
  0.265065693921760     
  0.247290177798706     
 -0.197081758135542     
 -3.323861922121901E-002
 -0.470293232816973     
  0.795680161335524     
 -0.659282623142207     
 -0.381396253653846     
 -0.380154070884030     
  0.396971909001668     
 -0.259730498350684     
 -0.642483463063433     
   1.62678606212734     
 -0.548860352588228     
 -0.599314621730184     
  0.254062668703699     
 -0.415653869324764     
  -1.35744260120607     
  0.589838986432725     
 -0.530705075457142     
  6.715958291208478E-002
 -0.172524762091731     
 -0.341751039589910     
  0.213923196789037     
  0.558745466410159     
 -0.205370351478027     
  0.932095876931280     
  2.322801848248966E-003
 -0.438734845890463     
 -0.111569605055283     
  0.531953032238649     
 -0.698835945938918     
 -0.450665285506189     
 -0.179771904671506     
  0.163432161156749     
 -0.216918841270138     
 -0.843769942803261     
  0.236225765073570     
 -0.466293141014406     
 -0.301500003421694     
  0.465782468460674     
  0.530856200064115     
  0.134232958594379     
  0.387466523997898     
  0.864155621138531     
 -9.352389844338227E-002
  0.508968228177748     
  -1.42500656867384     
   1.24102614335556     
 -0.956134861818638     
  0.368959768113239     
 -0.230879275689310     
 -0.180007592003558     
  0.901047373392005     
  -1.07660074756804     
  0.447299211800256     
  0.404510026327345     
  0.643507842446162     
  0.301704211092260     
   1.07202564046104     
  6.128003953956774E-002
  6.030122423337828E-002
 -0.534573167958638     
 -7.626245018451261E-002
 -0.408254243613668     
   2.56135494536815     
  -1.43198036297935     
 -0.845857502505144     
   3.91810441302436     
  -3.67430122781699     
  -11.4470799213655     
 -0.886329275856687     
   5.04881760861811     
  -5.67857241532314     
   2.13768404331298     
   3.38399637773059     
   1.77886100901926     
  8.482078667447326E-002
 -0.220313175625078     
 -0.645695089582596     
  0.368961627869345     
  0.878596372227944     
  0.170062202394978     
  0.235771256334340     
 -0.392126253245420     
 -0.465884264162412     
 -0.116810700921773     
 -0.237258465286678     
  0.397105504051947     
  0.152655930669362     
 -0.311446338369921     
 -0.478514539708190     
 -0.393858116905642     
  0.426682304413530     
  0.249954419561136     
 -1.569480752163899E-002
  0.217612544908379     
  0.414401691124166     
 -0.150319274063169     
 -0.415864031436185     
 -0.426734207484752     
 -0.121788509575335     
  0.100708990895810     
 -0.383689129877642     
  0.336852380204154     
  0.478373231069411     
  1.938462316932565E-002
 -0.202378248679531     
 -0.371076485664668     
  0.317569985749708     
  0.399159979239535     
 -0.317778548449255     
  9.602746807516993E-002
 -6.604553076398167E-002
 -2.701820190895965E-002
 -9.468258523149281E-002
 -0.330006972285714     
 -0.427098060768481     
 -0.237070828007785     
 -0.449274630376929     
  4.131264653862610E-002
  0.341921486407028     
 -0.325156254235262     
  9.892262717144307E-002
