  -2.01712875667707     
 -5.629850226041441E-002
  0.755065185630274     
 -0.964484865511055     
  0.589085103184717     
  0.720106800885368     
   2.95523881774543     
 -0.780601659607919     
  -1.47013741901702     
   1.04475456090675     
   1.08205844368827     
  -2.95476550144579     
   4.99618296088559     
 -0.384826291906555     
  -5.88169667807039     
 -0.147911231605420     
  -1.92346347171995     
   3.47495503809630     
   3.03661344973232     
   3.45847043954557     
  -5.60176724223462     
   3.19316412164985     
   4.24327068663799     
  -6.52708209391822     
  0.714239503134778     
   2.56203184255159     
  -3.14271090537120     
  -3.77124099526096     
   4.68681467436952     
  -3.67895502111093     
  -4.33010246108230     
 -0.324417343378906     
   2.36817670111584     
  -8.84869675969705     
  -2.22127052136418     
  -3.58154761638330     
   2.06513879760255     
  -9.07156717312689     
   1.98417758945946     
  0.362143640294536     
   1.59133180807928     
   9.04560176235510     
   3.26712277221487     
   1.96578904802276     
  -4.77683421283004     
   5.12139068113946     
  -2.44679331385913     
  -5.33768023805936     
  -2.32662851436219     
  0.331994207276132     
   2.11923875430979     
  -1.69673763661635     
   1.82221151190118     
 -0.804846225705912     
 -0.367575818042570     
  0.646278435960984     
   1.20200355444339     
  -2.72198576540303     
   1.04673121064596     
 -0.187354272996480     
 -6.282984766812161E-002
 -0.378488903985362     
  -1.48242413874433     
 -0.414545190699237     
 -0.260977285941332     
 -0.245125100043192     
