 -0.197395329436512       0.350925209493040     
 -0.269920587198475       0.151939230324059     
  0.122354675954208      -0.290010068324816     
  0.254256222561908      -0.331041480904866     
  0.460058500581265       0.159218425116136     
 -0.104692054089128       0.145216367452240     
  0.308587082543314       0.285079788563825     
 -0.123692672759140      -0.684915570896582     
  0.248595127706599       0.354213555367428     
  0.181115462158620      -0.239248024951375     
 -5.983085376684016E-002  0.154020570237683     
 -0.144023062218543       0.385741656095303     
 -0.378759655309919      -0.221630917823239     
  0.251743009722403      -0.173181526456654     
  0.350236242239062       0.190899156350820     
  0.414187180783086      -0.246665304468571     
 -0.173149950935797       0.159701033654054     
  0.486445837796754       0.247387505984685     
 -2.422011920716851E-002 -0.260234548017862     
  8.222380757505668E-002 -4.174880728564638E-002
  0.150229300416687       0.265036063602943     
  2.146880148263970E-002 -0.438088715558723     
 -0.199419071766715      -5.485900391028254E-002
  0.417938686226806       0.254000212333585     
 -0.431745877079528      -0.489905685164077     
  0.196968979423334      -0.205528690557893     
 -0.412015197682688      -0.212798441080310     
 -0.316995944169493      -0.200016251331280     
 -0.376020951315743       0.337717899955993     
 -0.495039858359994      -0.254700294176567     
 -0.225484349735016       0.213319951837379     
  0.358231206750449      -3.309045864503221E-002
  3.049297579531272E-002  0.398523344316351     
  0.367331740230601       0.369637403242667     
  4.793101691745646E-002  5.385210178752530E-002
 -0.262840803625513      -0.313858689106208     
 -9.478918770673846E-002 -0.143122773302605     
 -0.168936321360404       4.451290668274722E-002
  6.480831958004284E-002 -0.179834826135965     
 -0.354670814285562       2.000182362851931E-003
 -0.593887263682938      -0.633672904827028     
 -0.687309656248856      -0.679262643940660     
  5.552975679734211E-002  4.295696638723533E-002
 -0.377420089814436      -0.375453560052312     
 -0.533551517863931      -0.559956235966616     
 -0.127507321484647       8.923479988712844E-002
 -0.403690029556237      -0.124415545062763     
 -0.783108989146350      -0.775917597184402     
  0.238189437591735       0.164732820040732     
   1.54491752075196        1.54277117774851     
  0.630288563892012       0.637946490169588     
  0.164986132861169       0.118796049033177     
   1.15601272121550        1.15269963446162     
 -0.983224111379948      -0.988560501308524     
 -0.264336943017478      -0.213932164108292     
  3.312272380402485E-002 -1.217739536060162E-002
  6.533664418648141E-002 -6.997684218123622E-002
 -8.587208732141893E-002  0.279033094733168     
  0.613251759001874       0.432925148025369     
  0.186871777916425       0.116579851151402     
  0.433436312861965       0.383490660253707     
 -0.549841111897571      -0.590939142838847     
  0.106999257124183       0.166089365350771     
 -0.172145465018375      -0.127770741522997     
 -0.186217281876801      -0.156956200912695     
 -0.382766975009128      -0.489553391876963     
 -0.428152894231262      -5.556777914670343E-002
 -1.041680205948290E-002  0.310796777743128     
 -0.264763024920314      -0.304406258570223     
 -0.178036409647767       0.159373297146835     
  0.387081293434844       0.482144745943373     
  9.717599034406704E-002  1.189454750157378E-003
 -0.150743781179528       1.474484425578513E-002
  0.240455397926978       0.107746035400535     
  5.722164163621885E-002  0.292426812484124     
 -0.141986313485457      -4.872306151809437E-004
 -9.153772469229628E-002  0.101300735549015     
 -0.525072667939917      -0.327526321876892     
  0.115506442462133      -9.686172926445787E-002
  4.106250111821335E-002  0.142451628767121     
 -2.475307251832433E-002 -0.422584499007548     
 -0.252944288541058      -3.988847117829106E-002
  0.299750531416208       0.254934392041829     
 -0.341534855668576      -0.272276222724764     
 -0.314360889487346       0.146633302522637     
  0.299828035836351      -0.348965706124879     
 -0.429265232367173       0.127152666652992     
 -0.358187518472206      -0.388139679790318     
  0.168011041405704       0.410997396802086     
 -0.491767152521551      -0.159192593920781     
  0.223091636808255      -0.389998749808771     
  0.143084033211629      -0.362189129958204     
 -0.177531455097595      -8.158726160192718E-002
  0.134383985836717       0.194389517934367     
  0.269962580285744       0.280510527560578     
 -0.248594518748916       0.428123150132751     
  4.771717309718747E-004 -1.397176535161961E-002
  0.381040493184483      -7.072679239631341E-002
  0.170548039775975      -9.479859868667935E-003
 -0.195626987065800       0.447461370448310     
 -0.499000519410440       0.124726800842154     
  -1.10751506133275       -1.19130368935405     
