 -0.332266458846717     
  0.382353033759712     
  0.257849385344050     
  0.107662024336674     
 -0.484476424891087     
  0.367887839014207     
 -4.007375323245913E-002
 -0.344397392553090     
  0.118373361361744     
  0.424072845020485     
 -2.327672049038736E-002
  3.851143039050000E-003
  0.120415089313130     
  5.136070748351330E-002
  0.481850823293724     
 -0.233394509149452     
  0.239549570969715     
  0.392919861747669     
  0.287189837512083     
 -0.272712179264360     
 -0.435013254210725     
  0.261223787547285     
 -0.477179315315552     
  0.108721307553039     
  0.216348935700823     
  0.131146451259289     
  0.323287021100409     
  0.452115115262330     
  0.240522778538842     
 -0.402234355689082     
  0.299751252132720     
  0.116062104337094     
  0.230511785525262     
 -0.523870913627493     
  0.327355364446881     
 -0.474761950166412     
 -0.514584981508693     
 -0.522364318427394     
  1.985586695634184E-002
  0.533585308635116     
 -0.176316737861894     
 -0.239617520193692     
  0.254394122643972     
 -0.532331492702451     
 -0.455574052042189     
 -4.596291374032403E-002
  0.423519933571805     
  0.376453786163974     
 -0.433284592838136     
  0.388797361745937     
 -0.183475058436975     
 -2.987724875929080E-002
  8.212183732758321E-002
 -0.173336756987923     
 -0.181048012353734     
  0.483734685173070     
  0.175863811155488     
  7.973271555055031E-002
 -0.486659221668749     
  0.170130261809785     
  8.731320096530207E-002
  3.941187391896966E-003
 -0.155938155466293     
 -0.511639714182174     
 -0.477060794378348     
  0.215335016632271     
 -0.245578176331287     
 -2.425331678949069E-002
  0.230266328790217     
  0.340889298338021     
 -0.340219559694263     
 -0.410574152719382     
  0.374780807556298     
  9.036967358388726E-002
 -6.955759192602831E-002
 -0.177496892778897     
 -7.763580674487704E-002
  0.362351651519754     
  0.107899972157338     
 -0.296045122957127     
 -0.211869962666690     
 -0.419266422457311     
  0.112037197955785     
  0.111877540518556     
  0.450318992143288     
 -0.515117097543933     
 -0.421500126437781     
 -0.125976583774411     
  0.364354128068796     
 -2.416266803784574E-002
  0.479293304514490     
  0.253817025628464     
 -0.455938759561613     
  0.651335901920534     
  0.256050156984279     
  0.167094336998793     
 -6.594360279835372E-002
  0.119430185171930     
  2.388731960439294E-002
 -0.114098216778140     
 -0.500039994532985     
 -4.883760604443045E-002
 -0.110317727995006     
  0.151429673816367     
  0.258666058224711     
  8.470791703592649E-002
 -0.476064539389520     
 -0.322627348514979     
  9.765942627477221E-003
 -0.307769608806103     
  0.449722571791808     
 -7.485888394587856E-002
  2.481504933852065E-002
 -0.349962917866217     
  0.379851511432348     
  0.124140837384610     
 -0.144793489507851     
  0.566929949804715     
  0.472056570033659     
 -0.237424635467359     
 -0.179081192324042     
 -0.428125269684555     
 -0.499764771975854     
 -9.859760287885108E-002
  0.513418825553448     
  0.432300070238406     
 -0.178051755766710     
 -0.551825007480786     
  8.403207221924232E-002
  2.093081925109194E-002
  0.467413928094739     
 -0.215279357503941     
  0.158260578304948     
  0.352057559096420     
  0.187381051665359     
 -0.288232347072306     
 -4.363120687486270E-002
 -0.134052930071987     
  1.276465592315590E-002
  0.328540217496012     
 -3.416326526748428E-002
  0.454143424580899     
 -0.337745056307149     
  0.285763036166279     
  0.127008764038553     
 -0.499851293208857     
  0.251408336036303     
  0.282549213417258     
  0.405707994565557     
  0.278806893007644     
 -0.181155469636983     
 -0.216097574493892     
  0.238000349503497     
  0.188343971508738     
 -0.303735685785139     
  0.440830168275832     
 -0.189488039753775     
 -6.355413051891780E-002
 -9.137423219395087E-002
 -1.552551706608676E-002
  9.418573270266424E-002
 -0.185011496442995     
 -0.527914161559907     
  0.450753502095994     
 -0.481459548313144     
 -0.395610255963314     
 -0.322043072762226     
  0.475039732113538     
 -0.243750479793397     
 -0.243218603058477     
  0.377538381639366     
  3.056637730666881E-002
  0.209183659674158     
 -0.325449265358264     
 -0.581679826508219     
 -0.320678297571736     
  0.291904648486129     
 -0.171365423103211     
 -0.219338574218096     
 -7.460042943174769E-002
 -0.207119797991457     
  0.522564717999775     
 -0.254882975088211     
  6.747069332037881E-002
  0.490209322265235     
  5.907250779241677E-002
 -0.239535562900781     
  0.209704055106798     
 -0.398425181122454     
 -7.963297537513675E-002
  0.296284947761621     
  0.550143096685769     
  0.101333455725119     
  0.123708256015345     
  0.160211747263048     
  0.173867805280734     
  0.191215838298966     
 -0.105827732573333     
  0.589725192239188     
  2.865117321320612E-002
  0.364325392354816     
  0.281271921353501     
  0.107311394489474     
  0.164454863705952     
 -0.242536849876572     
 -0.423791208556525     
 -5.056502721105839E-003
  0.465951040675188     
 -0.307384493852839     
  0.269406420726971     
 -9.911154614495798E-002
 -0.550776513127811     
  0.213427644470184     
 -3.817529167829645E-002
 -0.186471168254617     
  0.295041665572836     
 -0.152350979687060     
  0.380404956132324     
 -0.154489626782125     
  0.345888413260436     
  5.139074269025431E-002
 -0.348307523264958     
 -0.452961065245273     
 -0.117568540788319     
 -0.416209253151385     
 -0.384824248911726     
  0.154999331084432     
  0.154603354292693     
  0.346277438225843     
 -4.104648497143557E-003
 -1.914820360984225E-002
 -0.161911565949579     
 -4.181227488277558E-002
  8.744366705285622E-003
  0.293885090431074     
  2.706477390839823E-002
 -0.290792210280647     
 -0.349995705010186     
  0.409840668485081     
 -0.492053318900812     
  0.352807028514731     
 -5.392520486416255E-003
  0.239533908131947     
  0.254724912970862     
 -0.232724954033975     
  9.916414343590171E-002
  0.351578775290898     
 -0.148910588909943     
 -0.308591589709208     
 -0.213087369334456     
  0.342772745194325     
 -0.231271674045235     
  0.299743787470683     
 -0.547475060936904     
  0.107781229680239     
 -0.426595075650209     
 -0.330430402628055     
 -0.236867737620779     
 -0.306390980430559     
 -0.402063053189257     
 -0.295736443329352     
  0.195459911314298     
  0.103274277192875     
  0.110164842376546     
  0.262099907964334     
 -0.117644562090273     
 -0.246641577607248     
 -0.357200905649557     
  0.321720432942984     
 -0.212160228433500     
 -0.441177519036819     
  0.395328132122978     
 -0.340047739829481     
  0.100718115378684     
 -0.145233344794594     
 -2.852664737449094E-002
  1.273657941355478E-002
 -0.225552352655476     
 -0.309956731032090     
  0.417679302165856     
 -0.143641831883905     
 -1.156648686405333E-004
  0.116606249665910     
  0.224588945556942     
  0.366268831435934     
 -0.453307387841901     
 -0.222527608189498     
  0.459808676022179     
  0.390048739011368     
  0.212442009504021     
 -0.162170610839557     
 -0.117555967438463     
  0.522423115007405     
 -0.253811753730960     
 -9.715615087487935E-002
  0.160406157723599     
 -0.354657994592832     
 -0.171013197181516     
  3.573621531919177E-002
  0.129511070895043     
  0.213297204739875     
  0.116772246168461     
 -0.424951643243569     
  0.204393558014368     
  0.318106707841964     
  0.173105124474096     
  0.125619898411802     
 -0.421444635638371     
 -6.986053322887764E-002
  0.393995529429278     
  0.206965879561115     
 -0.142354529818646     
  0.393427090520470     
 -0.291024192588792     
 -0.423495294116930     
 -0.235253452776006     
 -0.132601703409601     
  2.323177319850613E-002
 -0.140773588731817     
  0.165563014975497     
 -0.468601078419760     
 -8.507038558845632E-002
 -8.158124927183114E-002
 -0.405292143532625     
 -8.860413771061806E-002
 -0.401664419232891     
  9.236754580461788E-003
 -0.357101413708218     
  0.191749677669776     
  0.399454098843339     
  0.387947181675789     
 -2.783771447003347E-002
 -0.113079757920489     
 -0.356455928839073     
 -0.508417604013276     
 -8.006240500761910E-002
  0.234789907693964     
  0.247461623971575     
 -6.815803891534657E-002
 -0.358462554546873     
  0.114186597949617     
 -0.232120165137109     
  0.293294098703179     
 -0.297187491358234     
 -8.938360771373392E-002
 -4.117358422763841E-002
 -0.117207387247890     
 -1.059412553730068E-002
 -0.270198404073806     
 -0.219513827611907     
 -0.213893387555369     
  0.461732339251673     
  0.240088945629645     
  0.454632787486826     
  4.425925713577341E-002
 -6.015801488055123E-002
  0.218635935499880     
  7.943966643778157E-002
 -0.167314454060830     
 -0.141108092312576     
 -0.574181067122036     
  0.377873591730003     
  0.530493355636712     
  0.467783333160194     
 -0.276633738188482     
  0.150143218616372     
  0.284795292350918     
 -0.139580384167300     
 -0.186873220307177     
  0.804234854968870     
 -5.816555341083714E-002
  0.466123460889986     
  0.130489471270606     
 -0.324665299937114     
  0.297014411504375     
  0.295383756196478     
 -0.166088119607634     
 -0.430162373659450     
 -0.120894301114914     
  0.129274321683055     
 -0.225400940655900     
 -5.975907705893332E-002
  7.668729609519018E-002
  0.344970968423886     
 -0.141422423991581     
 -0.547757710816053     
 -0.305192070804214     
 -0.187008410416653     
 -0.142721339029071     
 -6.563163386201534E-002
 -6.465359684150181E-002
  0.467117697827851     
 -0.482067321847794     
 -0.275213735771331     
  0.498541917847142     
  0.189126833473099     
 -0.342318105946473     
 -0.496461130078720     
 -0.380880552834594     
 -0.221109476705327     
 -0.530727626634041     
  0.473938829327139     
 -3.592556032430803E-002
 -0.242867970018762     
  0.333754082724339     
  0.209595186978797     
 -0.621772479237428     
 -0.362434228759035     
  8.690842128066251E-002
  3.840031369637653E-002
  0.324084384194648     
 -0.266590943941068     
 -5.585841087713141E-002
  0.342478855975001     
 -0.351276222426824     
 -0.201524267579999     
 -8.361446867921074E-002
  0.278151234549306     
 -0.144494892056690     
  0.128824790709099     
 -0.413297569566809     
 -0.272440779215654     
 -1.852165044826100E-002
 -2.140709428974384E-002
 -0.362575325353053     
  0.349610710974092     
  0.755357010185739     
  0.426203756756707     
  1.468141819411974E-002
 -0.259918040523818     
  0.143554558691439     
  0.419770304548629     
  0.427373606123354     
 -0.238663218546519     
  0.176670795155551     
  5.150070817939198E-002
 -0.375099346998986     
 -0.427190441201586     
 -0.306132082354141     
 -0.105722275340382     
 -0.340241181727729     
 -0.550294317031011     
  0.273706504454669     
 -0.334005013064951     
  4.204419504213074E-002
  0.366685032653091     
 -0.687558019091326     
 -0.269473159728710     
 -1.069905155358303E-002
 -0.829492136244486     
  6.709092706940854E-002
 -0.422358865458770     
 -5.081198880010097E-002
  0.668525877864686     
  0.606080780059395     
  0.271220435063362     
  0.461957074699124     
 -0.449529233596497     
 -0.184766855042958     
  0.483114620893107     
  0.106919075114475     
 -0.256000369194166     
  0.188712443202694     
 -1.973442750049626E-002
 -0.403004210521390     
  0.366743025712179     
  0.253825876155670     
 -0.472337286495780     
 -0.242282828637583     
 -0.481119542591029     
 -0.633420649664827     
 -2.826739965901770E-002
 -0.457703096603468     
 -0.326058525900460     
  0.163750544473638     
  0.483647864787500     
  0.388607995436409     
  0.347882213717900     
 -0.488064327751228     
 -0.139597658532522     
  0.182031997326164     
 -0.255830726678569     
 -0.175968804938090     
 -0.226175100708621     
  0.441640878275741     
 -0.407928653165463     
 -4.360444823965900E-002
  0.273053335021080     
  0.249766387318374     
  0.800212851021335     
 -0.681713832194197     
 -0.649815444318412     
 -0.325436779019348     
 -0.104167982652266     
  0.379235256259822     
  0.468030488257336     
 -0.181015372920409     
  0.264957738722971     
 -0.499008435110631     
 -8.431207131448441E-002
  0.378232006993436     
  0.348807284355110     
 -0.279165904077217     
 -0.243096674744652     
 -0.382114244207671     
  0.243163127469710     
  0.187391761953322     
 -0.241760830735743     
  0.308578030957581     
 -0.501306664715917     
 -0.787238427244043     
 -0.357279629458998     
 -0.615507659297668     
 -0.456201683827487     
 -0.100321100256516     
  0.257830057131957     
  0.495460038179738     
  0.440542742021557     
  0.554851165982341     
  0.211337744092658     
  0.573177907510909     
  0.242671056039608     
  6.497033439468067E-002
 -0.467455359577765     
 -8.685335893767138E-002
 -0.122605833379876     
 -0.373627228251710     
  0.316399316096542     
 -0.491592474587667     
  6.153318161883503E-002
  0.345864475632050     
 -0.194033118674911     
 -0.298556116237031     
  -1.18109910061745     
 -0.380595051909122     
 -0.170512799113504     
  7.123143557923353E-002
  0.524319059259682     
  0.110620538508394     
 -0.198235651692222     
  1.699144180906620E-002
  0.293227249850419     
  7.658156808884849E-002
  4.839305475409661E-002
  0.402974942865286     
 -0.198057135577613     
  2.064162900615334E-002
  0.281961627207055     
 -2.452821662973172E-002
 -0.386150110893045     
 -5.661900271932552E-002
  6.076007734435094E-002
 -0.170901308304634     
 -0.306109112890635     
 -0.963520811358259     
 -0.206347902965068     
 -0.351386502164456     
  0.103960726813555     
  0.427127115628098     
  0.143014262214854     
 -8.095373124788215E-002
  0.120186405680148     
 -7.604072793124005E-002
 -0.361223207206312     
  0.505960080900564     
  2.465658506051542E-002
 -0.467993160468820     
  0.356025675354835     
  0.293385660244673     
  0.426661246835469     
 -0.309835171518707     
 -0.223595295321175     
 -0.681088601610805     
 -0.613556817974246     
 -0.384072654488693     
  -1.03169983168813     
 -0.616610075493783     
 -9.638713604284581E-002
   1.57585635797687     
   1.32340284404576     
  0.646146054156519     
  0.536224450908887     
  0.181632952708176     
  3.842622972496166E-002
  0.203131796733525     
  3.641451194980671E-002
 -0.379637800487325     
 -0.292667294639614     
  5.017573245495148E-002
  0.453678915795130     
  0.104345296188663     
 -0.114890406867111     
  0.366538879205470     
  0.311153056394731     
  0.385611810848605     
 -0.177059648040459     
  -1.62987923246981     
 -0.740240406845669     
 -0.395891613649183     
  0.101947673873093     
 -0.189381058633670     
  0.819046665345732     
 -0.770505261080615     
  0.444170140453444     
 -0.175689959933959     
  9.381177648475934E-002
  0.508935505882177     
  0.382367157486969     
 -0.137834353878912     
 -0.262168200182989     
 -5.959991042143321E-003
 -0.466594729444778     
 -0.596330692594968     
 -0.360515967792554     
 -0.368020589025716     
 -0.300744089430036     
 -0.144822309609023     
  -1.40740052028567     
 -0.475393725163627     
 -0.598225362889189     
  0.790196307402424     
 -0.347898671328952     
 -0.308595995803960     
  0.567699868892873     
 -0.213638095089013     
 -0.285956189008345     
  9.602446476883389E-002
  0.172188100550885     
 -0.537158333674657     
 -0.352610283330891     
 -2.547471923239488E-002
  0.317981375080157     
  0.284035496962234     
  0.373734725855965     
  0.551262257553402     
 -0.254795715509061     
  0.167328346176316     
  0.228969413620991     
  -1.20416614612215     
   1.52182525471849     
  0.837962572634525     
   3.49267256014772     
   2.61058374737744     
  0.435086834238172     
  2.650531720626337E-002
 -0.155013331161695     
  9.191552274293553E-002
 -0.294395347562854     
  0.193260178657714     
  8.035028011761018E-002
  4.954807975701572E-002
  8.770489091552949E-002
 -0.105321643208186     
  0.322267145046482     
 -7.267860071665366E-002
 -0.440320695831651     
 -0.142951653777651     
 -8.482582199475366E-003
 -0.351960493186731     
  -1.01838920080777     
  -5.06778059110115     
 -0.186101954581144     
  -2.70292246872271     
  -1.12743357039778     
  0.710897347014943     
 -0.247745092516777     
 -9.593939056099171E-002
 -0.204185474016825     
 -0.412910076220586     
  0.226388868363878     
  0.217964955778312     
 -0.421952511721411     
 -0.439650502555316     
  0.101625390747329     
  0.176650427632128     
 -0.265169380915162     
  0.330492957289992     
 -1.292884788497902E-002
  0.404798621100655     
 -0.457250645402145     
 -0.649325102395384     
 -0.312691854582188     
 -0.989771395047177     
   3.55525935005374     
 -0.341556554698808     
  0.527045711621781     
 -4.200609257271131E-002
  0.523199475384926     
 -0.457222179340613     
 -1.262494217776011E-002
 -0.201246296339495     
  0.233821842141310     
 -0.360331949440589     
 -0.365403700438882     
  0.465820472049813     
 -6.532200432007941E-002
  2.891316764873544E-002
  0.152301669768020     
 -0.213433385995060     
 -0.213819224308383     
 -2.679918626097033E-002
 -0.540936593144000     
 -0.948556341221937     
 -4.703713537667769E-002
   1.16436489738111     
   1.02108423709631     
  0.443113320313956     
  2.549808127369696E-002
 -0.447294856973449     
  0.282045496842124     
  0.322389707146587     
  0.260283796557488     
  0.356548250077007     
  8.251704099752416E-002
 -0.270990734462224     
 -0.285829364527022     
 -9.425250328807126E-002
 -0.447668228242634     
 -0.446587529997954     
 -0.527491312374345     
 -0.217543679390805     
 -4.963620638314222E-002
  -1.22856868623259     
  -1.12992994544048     
 -0.253148150770370     
  0.398181093275191     
  1.033398355911947E-002
  0.377324800276050     
  -1.14834168676969     
 -0.292781066298716     
 -0.283274389755974     
 -0.309420208442495     
 -0.190124139791858     
 -0.360257483830720     
 -0.288200034788558     
  0.286560274846468     
 -0.350470762618192     
 -1.396784760232439E-002
 -0.512448313264783     
 -0.447862046868047     
  0.381664416794587     
  0.119159092699992     
  0.390774330541822     
 -0.665353801492643     
 -0.592667965143518     
 -0.454407600396655     
   1.37349464051504     
  0.130563690697575     
  0.617910868150688     
 -0.316480152263605     
 -0.252678305032531     
  0.119302058869047     
  0.292450467092087     
 -0.441044457282442     
 -0.438635024572030     
  0.313282605686287     
 -0.268268939567609     
  6.714549485933800E-002
 -0.110438321459219     
  0.548183667433722     
  0.122784414700714     
  0.451474082375431     
 -6.731267982905363E-002
  0.375166906000732     
 -0.171864610860467     
 -0.962980498903904     
 -0.139989256178438     
  0.242779474985288     
  0.366261588113880     
 -0.114272805753019     
 -6.740676534703521E-002
  0.538497368624747     
 -0.423585818137509     
 -0.255795938542543     
  0.195635193668192     
  0.528882793539145     
  0.311081427488916     
  6.674160532815065E-002
 -0.548609795748835     
 -0.219340790578828     
  0.308802033983709     
 -0.328190711228642     
  0.416658767048950     
  0.726434285066163     
 -0.387559013744339     
 -0.411001996432959     
 -0.365676856230237     
 -0.273338037920700     
  0.494499451170040     
  0.519502457956641     
  0.266150538942183     
 -0.702115189015382     
  0.100606422100314     
  0.427207585860840     
 -0.326568654416150     
 -0.384053432168966     
 -0.411684018134365     
 -0.295551623688927     
 -1.584776035494443E-002
 -3.646586435036168E-003
  3.756603587531187E-002
  0.286150697066260     
 -2.724804545981699E-002
 -9.247872340380484E-002
  0.388734707553693     
 -0.276231307046964     
 -5.036089197597398E-002
 -0.571350571419071     
 -0.143048232976807     
  0.321696802641471     
  2.600271335033566E-002
   1.02317579956802     
  0.149692213991469     
  0.162384230650090     
 -0.182109695319996     
  0.197420999876243     
  0.112246818411310     
 -0.546383741915689     
  9.236011751599488E-002
 -0.173639839077374     
 -0.258973349815366     
  8.168068531002813E-002
 -0.237303149709296     
 -8.461717525350004E-002
 -0.390067398034993     
 -0.400128363025051     
  0.233515871963923     
 -0.483917838964341     
  4.630461804044460E-003
  9.017670125785375E-002
 -0.371327317206392     
  4.899228589204135E-002
  0.742561668725204     
 -0.335683408184671     
  0.637796465292631     
 -6.722719213522944E-002
  0.596115678319820     
  7.152574398660098E-002
 -0.286527069807077     
  0.414613651541662     
  2.896951863430352E-002
  0.515702107250085     
  8.682725802432413E-003
  0.194029927762943     
  0.123973615626570     
  0.235087612079079     
 -0.229538436041613     
  5.479981292225838E-002
  0.221645072619480     
 -0.152114353889472     
  0.146805937064275     
 -0.344500026188533     
  3.708273832950374E-002
  0.966523377344098     
 -0.201346972557228     
  0.423796297764997     
  0.129919755538652     
 -0.226473013074915     
  0.413902057140974     
  0.521039331502306     
  8.657538106373047E-002
 -8.760655074206058E-002
  7.559815754516583E-002
 -0.478751561093437     
 -0.306687568992858     
  0.431324643892182     
 -7.114437317932769E-002
 -0.430010375553786     
  0.216653120966838     
 -0.184822432622552     
 -0.386548802170276     
  0.320528157469670     
 -0.327259279894422     
 -5.304531887705122E-002
  0.181084427442365     
 -0.556585206461298     
 -0.142053241163730     
 -0.156281798724043     
 -0.517753427508039     
  9.574274324828357E-002
  0.401644363265178     
 -7.125739982897173E-003
  0.151902090075307     
  0.493617858771597     
  3.081329928799721E-002
 -0.290019021447152     
 -0.197472819299776     
 -0.381463306840602     
  0.342386735073781     
  7.685159816181758E-002
 -0.121254760217164     
 -0.269728785325282     
 -4.596017465518189E-002
  0.141664772006342     
 -0.248835377674441     
  0.447258194549384     
 -0.319875212110703     
  0.496596900748339     
 -0.342029277641474     
  0.148492981482662     
  0.388107782726858     
 -0.455843906163848     
 -0.359760720263616     
  0.139252594018597     
  0.365812332188354     
  0.150631238759039     
  0.252425670556416     
  0.290343319243623     
  0.521847376718317     
 -6.233700841176661E-002
 -0.558335770028817     
 -0.512782392436401     
 -0.270912913381444     
  2.093622831131632E-002
 -0.158411626915195     
 -0.288262892766373     
  0.272204143296968     
 -0.447330050338845     
 -5.211812635378395E-002
  0.467944559880398     
  0.385017513574754     
  0.390747577396606     
  0.107155313614854     
  0.272435658087574     
  7.733684215218772E-002
 -0.455827470036143     
  0.287802114972623     
 -0.274371287852244     
  0.489806864491686     
  0.388640287686840     
  0.392553841808406     
  0.107150619802723     
 -0.153068505743050     
 -0.401229373341621     
 -4.136644732526584E-002
 -0.221237851465312     
  0.155923742317020     
  0.154204900880627     
 -0.690682061977964     
 -0.486292168201086     
 -9.170574798876295E-002
  0.144899276198935     
  0.267380262636109     
 -0.200302448972682     
  0.416158495205845     
 -0.280447221666951     
 -0.105114505003405     
 -0.397162505942371     
 -0.282341335626063     
 -0.448656992860121     
 -0.542680931150048     
  0.377703266545142     
 -9.004272190782144E-002
 -0.463636224076996     
 -0.260170077818896     
  1.647104984799192E-002
 -0.321383807159913     
  8.226631806931584E-002
  0.422880213805861     
 -6.012519476718211E-002
 -0.113450198164270     
  0.669575996728151     
  1.853000217573158E-002
 -4.489148322620828E-002
  0.390779091828103     
  4.920721840310386E-002
  0.329573246236766     
 -0.231103486707336     
  0.345377431113164     
 -0.383208101480804     
  8.763831908776357E-002
 -0.356080543282162     
  0.258020686237452     
 -0.367188454530764     
 -7.075898303385353E-002
 -0.113593694303193     
  5.667069625199188E-002
 -0.400023662979717     
 -1.527096852740874E-002
  0.357538987521302     
  2.501974191055644E-002
  0.420018989579513     
  0.143072513366480     
  6.091518295340140E-003
 -0.346759661367158     
 -2.863330225840566E-002
  0.455300488368747     
 -0.351566051965253     
  0.267364059218539     
  5.136121144663859E-002
 -0.538159823432830     
  0.512099245875851     
 -9.690515260447713E-002
 -0.213580518870762     
  0.355259615161627     
 -0.591667657812136     
  2.266297012164726E-002
 -3.576938119593133E-002
 -0.115666042055637     
  0.242554189544560     
  0.631254032727999     
  6.899065152370004E-002
  0.142665028317871     
 -0.548747671427372     
  0.391901376893126     
 -0.415864337986178     
 -4.431956278873066E-002
  0.470812854453823     
  0.257059800324283     
  8.771612606690188E-002
  0.214932069172870     
 -0.385947190646181     
  0.117656853230388     
  5.334146488482944E-002
 -0.327053528862306     
 -0.503662999923826     
  0.238083237370619     
 -0.197189048944526     
  0.364730337691682     
  0.282430089703313     
 -5.149662545897608E-002
  0.530441570899193     
  0.276405890184324     
  0.511286822573118     
 -0.136871993752915     
  0.199162090765053     
  0.519890247972661     
  0.165166183636692     
 -0.435342713617551     
  0.390623607379923     
 -0.334090051991608     
 -0.292970781444066     
 -0.222852740293188     
 -0.400110764227783     
 -1.945171391033102E-002
 -0.124759279806679     
  0.334977217790982     
  0.348768521275976     
 -3.148947373437544E-002
  0.111519617365157     
 -0.256337701962153     
 -0.260090447064994     
 -0.130381433596519     
 -0.525450681881508     
  0.261717075759189     
  0.397225147379241     
  4.420113866740765E-002
 -7.992682904284368E-002
  0.457554795192301     
 -0.272850916622779     
 -0.319424234048745     
 -0.201075515132207     
 -0.474675801633954     
  0.397656439251930     
 -0.114570495796559     
 -0.366386902528975     
 -0.256671176569552     
 -0.448182030900459     
 -0.120766397669171     
 -0.128054943160217     
  0.157131857600290     
 -0.322225104125829     
  0.264423256129930     
  0.570698607331018     
  0.323946443895447     
  0.457327153655848     
 -0.438833575556316     
 -0.185240297164539     
 -0.287043950053397     
 -0.143303320038480     
 -0.291014131124359     
 -2.936179577129695E-002
  0.466950247782695     
  0.243015830769298     
 -0.168489658970465     
  0.353617079642656     
  0.329705596281169     
  0.357345067998113     
 -2.843202656527545E-002
 -0.152525326700229     
  0.183161371766564     
 -0.206530068251300     
 -0.192142332279921     
 -0.125945158939973     
  0.253747896153323     
  0.231358987766003     
  0.348023756456069     
  0.265993210823633     
  0.750735500735828     
 -0.342318599564339     
  0.218807597538382     
 -0.251234783058791     
  0.321061275228281     
 -2.425152002991533E-002
 -6.373266730660394E-002
 -0.330040688296110     
 -3.902005617354722E-002
 -0.145693061429725     
  0.375542343350005     
  0.353474969206169     
 -0.517127499042097     
  0.236927804236470     
  0.170963608901292     
 -4.391321040938072E-002
 -0.353333421615021     
 -0.255540915186659     
 -0.221799175897434     
 -5.315407268214833E-002
 -2.964544942309587E-002
 -0.501303771255792     
  0.248070674298121     
  0.452473190231488     
 -2.450044737043757E-002
 -0.503021359058486     
 -0.502139476591768     
 -0.328676098651471     
 -0.379780310279913     
 -0.304868482824415     
 -0.224449631465802     
  5.855961922004286E-002
 -0.349258161955612     
  0.322867934203102     
 -0.103023949520087     
  6.356278362140885E-002
 -7.691337366892427E-002
  0.193067965781135     
 -0.384421177160787     
  5.195296706487611E-002
 -0.284739703541664     
  6.278527363074123E-002
 -0.254473813386320     
 -6.317543418391118E-002
 -0.238578337233108     
  0.353171869806324     
  0.483731371618293     
 -0.224613477470132     
 -0.504465955061824     
  0.274885760528293     
 -0.437829551665412     
 -1.871799377072191E-002
 -0.111924276249251     
 -0.102056017206430     
 -0.203105127173380     
  5.869554750860356E-002
 -0.123215106446296     
 -0.208010974748154     
 -2.730492398735958E-002
  0.397912654141117     
  0.380024186700820     
  0.127008423659213     
  0.267640614266755     
  0.207666221282124     
 -4.218344228772492E-002
 -0.262584569989913     
 -0.385572999862758     
  4.255780891873779E-002
  0.215957174979718     
  0.245715104277380     
 -0.526256341289101     
 -0.180346151256249     
  6.278444915221922E-002
 -0.103973534537600     
 -8.691238762286380E-002
 -0.499705106175103     
 -9.801419708009136E-002
  0.118241629209079     
  0.135899771674124     
  0.166438498877889     
  0.429912398538380     
  0.444403079760556     
  3.864200358881877E-002
 -0.100312157182842     
  0.197780641882898     
 -0.391000292512832     
 -0.413942585337703     
 -0.326566126562483     
  0.356856302581299     
  0.441598267425363     
  0.475850043479104     
  0.359404171911235     
 -0.138560554626716     
 -7.769695634715756E-002
 -0.176969168430668     
 -0.485517890878298     
 -0.254384317103205     
  0.412533469525110     
  8.538099403950507E-002
  0.148113680119626     
 -0.127081286581961     
 -0.215582489450985     
 -0.390072285999729     
  0.523519489583998     
 -0.190213232512281     
 -0.193679116434220     
  0.424369297571197     
  5.930617107842166E-002
 -7.940518368991775E-002
 -7.298596631786564E-002
  0.122051510703216     
 -0.215316049486187     
  0.360845983825171     
  0.359326121637822     
  0.329197009449415     
  0.223737586644725     
  0.412235308115582     
  0.125775604554485     
 -0.115532048573816     
 -0.193826630374628     
 -5.657478888462281E-002
  0.173842071668559     
 -6.728134907083133E-002
 -0.346123795853148     
  0.189201840845260     
  0.109280793998659     
  0.193992213876227     
  1.955515699083080E-002
  4.120571678808239E-002
  0.399156586304986     
  0.124555712648278     
 -0.245084158394442     
 -0.241954276663356     
  0.304989548287920     
 -0.338449090903300     
  0.438577055382831     
  0.278247878180953     
 -0.116751463000748     
 -0.328264028096678     
  0.623854745908731     
 -0.199855000109239     
 -0.147255650855539     
 -0.537888168955561     
  0.271366743420813     
 -8.236374526616730E-002
  0.480837027766964     
  4.236436608961136E-003
  0.271544425792911     
  0.462343490971396     
 -0.426180242114315     
 -3.945128891643567E-002
 -0.381528683971960     
  0.191005738166078     
  9.404115255340395E-002
  7.475239981154859E-002
 -0.398976168147737     
 -6.722296942827390E-002
 -1.097053194545611E-002
 -0.230314804129748     
 -7.898066606444205E-002
  0.403474472919246     
 -0.171617871154748     
 -2.089915914946999E-002
 -3.933359568103305E-002
  0.551744118431770     
  0.155879434381790     
 -0.344508703235849     
 -0.381372593077482     
 -0.316437018852259     
  5.488186172073446E-002
  1.222254447592523E-002
 -0.455543386153893     
 -0.277859016087277     
 -0.405734632467332     
  0.334311762181641     
 -0.286530235254536     
 -0.341794954735499     
  0.145309224434470     
 -3.786284721921107E-002
  6.775829437167206E-002
 -0.299439909085911     
  0.549901125623013     
  0.104316919165829     
  3.547165687669730E-002
  0.402764056120575     
 -0.414233559117377     
 -0.177367739892100     
  5.022513891169676E-002
  2.865767506913096E-002
  5.090537371033885E-002
 -5.636483836628153E-002
  0.635440360873545     
 -0.391465462151003     
 -0.503967288993890     
 -0.193667880558254     
  0.198345035080150     
 -0.177819273793376     
  0.167961783476498     
 -0.295579244821601     
 -0.106221793451163     
  8.716353839598155E-002
  9.064512934030591E-002
  0.110612604854869     
  7.020949300300906E-002
  5.168773210433725E-002
 -6.457653899172833E-002
  0.351204495027841     
  0.377754943162887     
 -0.367391441544437     
  0.324353206577936     
  0.521439365324227     
  0.422889626625733     
  0.260014165589806     
 -0.327978668133876     
  0.383875140712715     
 -1.008832630532595E-002
 -0.469619223125982     
  0.179298788353475     
  6.426124176552217E-002
  8.330607831329905E-002
 -7.378560175021076E-002
  0.354579930995856     
 -0.361200886896740     
  0.327647843093159     
 -2.363729191890430E-002
  0.245140844378799     
 -4.026061817129757E-002
 -0.184660003968616     
  6.088446453572317E-002
 -0.154121867512961     
 -0.141796129843013     
  0.135964854635568     
  0.142514531096996     
  0.106051500597116     
 -0.252946730327469     
 -0.326442576276884     
  0.317744320497913     
 -0.409732438631641     
  0.507295119819817     
  0.545817792005105     
 -9.786576142278290E-002
 -0.343059264529652     
  0.263853461514335     
   2.68591793762841     
   5.26247454708505     
  0.882783110166050     
  -1.73394978066312     
  -1.09499136014901     
  -1.93466304751122     
  0.992165312141033     
 -0.603155874124807     
  0.290926863332583     
 -0.575601043157232     
  0.197643773862340     
 -0.420258483847675     
 -0.347751587303055     
  0.258512342913878     
 -0.182672726452173     
 -0.180354545888334     
 -0.218692647163925     
  0.432819991480718     
  0.406064027416504     
 -0.281437381063329     
 -0.117954067452296     
 -0.453820310025159     
 -0.357927466254015     
  0.313145806906658     
  4.198395873187599E-002
 -0.375334124012827     
 -0.240559847720307     
 -8.923069707977871E-002
  0.299879905584997     
  8.197379966063922E-002
 -0.266057607130320     
  0.369914113634923     
  0.146943572090266     
 -0.319059838261097     
 -0.438611025394642     
  0.264526918453539     
 -9.569862134334950E-002
 -0.406526410900446     
 -0.489341184343912     
 -0.357279933519365     
  0.196228805993490     
  1.789104955869902E-002
 -0.304870667538209     
  3.878840713590870E-002
 -8.297140676193004E-002
  0.499775406911107     
 -0.274235276609276     
 -7.218090209765510E-002
 -0.144207276597126     
  0.308480420180472     
 -0.369173072856896     
  0.308229999654698     
  0.422009001445692     
 -0.294250885472723     
 -0.474529083634106     
