 -0.449543098741116     
  0.245308452036859     
  0.173478043177150     
 -0.534651099530230     
 -3.366688374533441E-003
 -0.272539405707196     
  0.300719984942381     
  0.470874717376276     
 -0.135233664131709     
 -0.402307696080736     
 -0.108189225776653     
 -0.744804962997463     
 -0.230983310740828     
 -0.223277021103009     
  1.575567286808584E-003
 -0.947212206952728     
  0.646644648347781     
  0.583825121454770     
  -1.56099023494979     
  0.795311806054370     
   1.36106723269036     
 -0.806040622631847     
  0.330690990962553     
 -0.846709827747373     
  -5.76324827066234     
  -3.43066686909224     
  -1.82883703295003     
   2.78616233964298     
  -4.64446258849020     
   3.18988301090921     
   5.25160388038369     
  0.195681873240223     
  -4.40668970112737     
   1.34989369177591     
  -5.22145051138999     
   2.64363179180333     
   2.80741354347104     
  -2.17082846002456     
  -3.47003742394095     
   2.68170586168747     
  0.635486490068716     
   1.20760037492316     
  -1.24761071806579     
  -1.34959385486865     
 -0.536573086113760     
   1.31419422751842     
 -1.774340979120281E-002
  0.138778845933252     
  0.839915334747567     
 -0.908718315233475     
 -0.560971058554625     
  0.791071406775714     
  7.950080181700381E-002
 -0.463315336524004     
  0.144757060165201     
  0.225326472716298     
  8.217464637366163E-002
  0.600122501806422     
 -5.403478953010912E-002
 -1.177716343056141E-002
  0.126165367702681     
 -0.497752448671992     
  0.541345610106565     
 -8.986174400835767E-002
 -0.306126121065605     
 -6.161965365426697E-002
