  0.473945340377284      -0.319385495367814     
 -0.351361813465843       0.483143786364676     
 -1.659207725199656E-002  0.116348839911081     
 -0.100529717210960      -0.128871882777592     
  0.346721740453336      -0.276543516268880     
 -0.417152017042158       5.973535039750605E-002
  0.303615634172555      -0.319525436683332     
 -0.275944636149948      -0.315817768471656     
 -8.003394556687522E-002  0.297766650915461     
  0.110845522271514      -0.191690297081042     
  0.162045829885546       0.357097911669080     
  0.142176663127909      -7.017249078548515E-002
  0.278932195083869      -0.343579525185654     
  0.277699879238755      -0.111585693615864     
 -0.456900237422962      -0.150293791616061     
  0.415328958641855       0.294724786858914     
 -0.300100431198850      -0.120195458122493     
  0.306141511189444      -0.102203122826850     
 -0.193699794360662      -0.437885287970470     
  0.445818864696827       0.206467282429068     
 -9.456418196340599E-002  0.220963674241514     
 -0.367961768340939      -0.182046587093949     
  4.577261752364829E-002  2.821078435007088E-002
 -0.297884726054091      -0.199041821115716     
  0.317119556490957      -6.802217067955953E-002
 -3.752090547804036E-002  0.134783026451422     
 -0.272348621189385      -0.135249992500400     
  9.912628943114926E-002 -0.142829538910858     
 -0.216692859041266      -0.369864755667419     
 -0.263080320612634      -0.423940757988035     
  0.278545055133746       0.432766682282248     
  0.215348312992220       4.242534221333818E-002
  0.276669885022078       0.435755888597752     
 -0.147223355268835       6.945145092673277E-002
 -1.614958670946012E-002 -9.353217385425765E-002
 -0.435846861166371      -0.284357833514865     
 -0.251258391569539      -0.223467681279385     
  0.432525666730408       0.374740353468653     
  0.453059929966834       0.353393019168303     
  3.371338424905428E-002 -2.754404453041560E-002
 -0.241380165048366      -0.204248846957173     
  0.142035844739940       0.187466532470778     
 -5.409780969526046E-003 -7.427835260797870E-002
   1.02612097741110        1.04489765486204     
  0.250443724930133       0.287624997810463     
  9.897357119796991E-002  7.369065160240534E-002
 -0.874689246284060      -0.877003299304495     
  0.392006094396640       0.365069623701517     
  -2.31661647669924       -2.31845134154970     
  -1.30756953015255       -1.31450951407104     
 -0.116307410670705      -0.107241419343364     
  0.527098964142343       0.525336168466641     
 -0.696996062668988      -0.690725390678902     
  0.956466813465851       0.949423369049703     
 -0.405462735585046      -0.410287894410555     
  0.435826081086977       0.431793928599070     
  0.540416096300812       0.532207114862196     
  0.278357628752580       0.370510592300983     
 -4.999323248057568E-002  0.152105963522500     
 -0.229221535766198      -0.272713180477492     
  6.609447449403454E-002  0.299739346987002     
 -0.120994253920145       0.149165090432417     
  0.458103966172140       0.395320351670973     
  0.292876515261392       0.123756139280717     
  0.112537440809268       8.854713910808772E-002
 -0.385857938527314       4.786853688274553E-002
  0.246556238568142       0.297729338628044     
  3.239906162562220E-004  8.502230331024865E-002
  0.255471314321940       3.584196040749772E-002
  8.289210162713613E-002 -7.226670701084330E-002
  0.397154836542067       0.323219942910558     
  0.285123632114845       0.111124099030447     
 -0.298036797137002      -0.202799161161681     
 -9.697175135821507E-003 -7.699227813059002E-002
  0.422575770639352       0.221197256547912     
 -0.161296585210437      -0.250823070111704     
  0.450939100361538      -0.208401019279852     
  0.416707761519233       0.407850599073160     
 -0.428721017304432      -0.419664522224588     
 -0.219096682387311      -0.201115859132834     
 -0.307216484830476       0.130850374505351     
  0.317191451165341       0.279739641408975     
  1.831316153741192E-002 -0.176461931872071     
 -0.308511209679452      -8.941201235957564E-003
  0.273907808341459       0.161614370265805     
  0.130248906749162      -0.311047608837816     
  0.299677991626530       0.124074673339366     
  0.160405306804791      -0.176076286722457     
 -0.297608498617766      -0.306712649588027     
  0.111107147348049       5.878092338473635E-002
  0.147235072521782      -0.138280895642684     
 -0.414215042264670      -0.358239564930551     
  0.203327983168709       0.102253900776784     
  4.260481616284419E-002 -0.555542175945811     
  0.260382282856647      -0.393563905097291     
 -0.110177319921054      -0.458596006566338     
  0.184491481726574      -0.266139952754609     
 -8.095103631961857E-002  4.514394387313810E-003
 -0.320889373904699       0.234217569921419     
 -0.149951848761915      -0.334590373399594     
  0.419631864201743       0.628333202572707     
  9.655501157618999E-002  7.299419897142911E-002
