 -0.244880575869566       0.487509536019876     
 -0.149593986042047      -0.102905990947962     
  0.578166730552343      -0.467607946925086     
  0.342332405241724       0.293856384739235     
 -0.193228476101659       2.691174336257318E-002
  0.462240109598712      -9.186798080720555E-002
 -0.316033074306806       6.588041873303431E-002
  0.408938422216604       0.418806610326239     
  0.484521596350220      -0.382575137143955     
 -0.133936388785324      -0.383266176012958     
  9.079541924239831E-003  0.421931970171529     
  0.152299215889777      -0.261673229308444     
  0.280707516042014      -0.377541522358359     
 -0.174560903893362       6.511940183745370E-002
  0.171395307416981       2.362672955908251E-002
  0.420944316782082      -0.321737477896208     
 -0.194731286789603      -6.554977329426488E-002
 -0.404641702956577       0.268805537351042     
 -0.138810859573426      -0.222269566836519     
 -0.151447988425395      -0.232828734549295     
  0.475854190700322      -9.571445329543952E-002
 -0.352980861442548       0.342779318049790     
  0.492718006869113      -0.508010202392707     
  0.288468185538899      -7.172065161812887E-003
  0.421303304984619       0.249571520758203     
  0.250689518653351      -0.267945876803331     
 -0.480538945033441      -0.248486777801527     
 -0.432958840279196       0.146400712938665     
  4.946340802317127E-002  0.553163122389442     
  0.196333582234263      -0.374529005084044     
  0.329607651399549      -0.407699829621565     
 -0.338522828146622       0.277305115326069     
 -0.331111946227007      -4.327522741683332E-002
  0.179961663253632      -0.259336012399007     
  0.310955339099717       0.212770280624983     
 -1.771419957648147E-002  0.194732294629248     
 -0.430787775341215      -0.177366592939999     
 -0.323496751455252      -0.346069846716589     
  0.383365385294542      -0.220956254178488     
 -0.233780038822554      -0.160933459917480     
  0.346062647088135      -0.109938824016298     
  0.390988066218375       0.179740831492916     
  0.830457088794222      -0.586790564325708     
  0.161839322787232      -0.361555751135564     
  7.834079403100802E-002 -0.171941739421928     
   1.24782273670470       -1.38828799074162     
  6.490518792205152E-002 -0.308193691681569     
 -0.925967819974194       0.640098486366451     
  -2.54193296279832        2.42948320866456     
  -1.14898885573758        1.37351686519129     
 -0.700184163687783       0.884212299043549     
  -1.51153504831699        1.27907436982118     
  -1.33404691700073        1.49146418794745     
  0.554239356855387      -0.558925383283181     
  -1.14863982738802        1.10794831414652     
 -0.328070762142457      -7.188556899598857E-002
   1.45121801429170       -1.48730299556473     
 -0.214190832191116       0.404378026987898     
   1.46729053777907       -1.35583056000346     
 -0.828735034884679       0.723534714316295     
  0.737331106761478      -0.968492517616397     
  -1.05273273896677        1.06101492675869     
  0.181978459650959       0.211619745317269     
  0.572952036326943      -0.527668085868909     
 -8.401169016043655E-002 -0.467692750613950     
  0.454060657472838      -0.154910606596816     
 -0.241188088502223       0.355343973155439     
 -0.628142925491955       0.591075950684687     
  0.477816192841696      -1.682917233225249E-002
  0.308836880312811      -0.381697931758923     
 -0.211993158829946       0.220891302140230     
 -3.642569288720912E-002 -0.391104518830745     
  0.444237761089479       4.443207696848117E-002
  0.343831745479641      -2.949140740638873E-002
  1.063331978581551E-002  0.425692640869848     
  0.239316486731480      -0.147809854749870     
  4.962286109429977E-002  6.401133854225889E-003
 -0.307973133039068       2.778358700468402E-002
  0.137695931331182       0.111279135150995     
 -0.239346840462606      -0.300264550828183     
 -0.143206253667465      -0.282351231490665     
 -0.238889578306570       0.513899851637411     
  0.441534282583395       0.309798892248338     
 -0.422081019566899       0.395990914553097     
 -0.246867180969813       0.119881099452609     
 -0.115025622913883       0.340433474877236     
  4.888913461171713E-002 -0.513226811136223     
 -0.545251588373455      -0.366090795815084     
 -0.428061964775898      -0.212899618628227     
  0.415897268584375      -0.427152606019128     
 -0.161079490913915       5.461966482556086E-002
 -0.376457295558948      -6.472941095648486E-002
  0.165907253611500       7.642832330331817E-002
 -0.189972742416237      -0.303903012234013     
 -8.665192003976968E-002 -0.352923578718185     
  0.513957505439622      -0.319006849680013     
 -8.976726842960310E-003  0.276115765930473     
 -1.118416288010400E-002  8.905931023454432E-002
  0.344119777746519      -0.418860086559210     
 -0.440639077974098       0.341025613754320     
  2.061319579458952E-002  0.356274687038044     
   1.50454800333396       -1.72640956466815     
