  0.218626451513563     
  -1.02563530995280     
  0.313993881512348     
 -0.161836945846997     
  0.619400775562613     
  0.447105250856758     
 -0.583003012038449     
  0.501012849678061     
 -0.265735218735851     
  -2.59548324505527     
   1.47757730074670     
   1.04712735916307     
  0.501525946996491     
  0.525018109817620     
 -0.873432646348276     
 -0.803540207153658     
  7.708826006994003E-002
   2.62943402198977     
 -0.887171224632844     
   2.21750458802612     
  -2.08622253613730     
   1.99351323598937     
  -3.21788718156657     
 -1.728372177879267E-002
 -0.123947267544267     
   4.95517440758405     
  -7.47948465411499     
   9.78842710603671     
   6.42923526940735     
   2.06456646027927     
  -4.46603894636644     
  -6.40040660143104     
   6.39590231525745     
  -5.38650513407707     
   1.87784018940248     
   1.13942104173148     
  -5.78234138028322     
   4.49597483784256     
   7.92596143804973     
  -1.97268131546193     
   3.30977084393586     
  -3.02288712685614     
  -1.77657565737074     
   4.21516816450251     
  -2.63084098896781     
  -1.32802620788876     
 -0.558122652301031     
   1.46642559784740     
 -0.385186348784054     
   1.60484065567545     
 -0.666847074998790     
  0.170394510912005     
  0.360904440780552     
  0.501642540698409     
  0.106586277713880     
 -0.378117504059005     
  -1.15114438836110     
 -0.630124674991338     
 -0.355134647165190     
  7.273546926826274E-003
  0.366486631576415     
 -0.682286973151852     
 -0.422278002475742     
 -0.131827270237208     
  0.379253510202760     
  0.114186366696963     
