 -0.667882887811045     
  0.155579446252816     
 -0.183410887275175     
  0.293772438303698     
  0.315014917834715     
  0.249150891588347     
  5.227020005658444E-002
  7.831585990892330E-002
 -0.325549252713926     
 -0.332910388558812     
 -0.476520531397868     
 -0.617405095658889     
 -0.364606504380498     
 -0.105359010071386     
 -0.428206388366626     
  0.151798479933555     
 -0.212391001644372     
 -0.371123628170955     
  8.187104590032596E-002
 -0.364896621765824     
 -0.417722640559071     
 -0.437045231801538     
 -0.205047092399301     
  0.276863992857146     
  0.556660197486666     
 -0.328991189343253     
  0.534133083934388     
   1.10764714199443     
  0.414785105884299     
 -0.338796944284317     
  0.337829940776528     
 -0.558578668515179     
 -0.615643783307151     
 -0.131106473828164     
  0.106177890437298     
  0.547270657683911     
 -0.273766956384767     
 -8.235663713123911E-002
  0.522589717117375     
 -2.978418783599897E-004
  0.125154515810564     
 -0.120067054079190     
 -0.240662359211991     
  7.732888119091737E-002
  0.274226950195200     
 -0.159858154546789     
 -0.105186508683652     
 -0.149044533081033     
 -0.465459498537555     
 -0.715740005657486     
 -0.180759299681044     
 -0.402160471739107     
 -0.605344288045787     
 -0.608594875007104     
  0.307555005151134     
 -0.435251251023608     
 -0.353678983110981     
  0.271015236243102     
 -8.877705160411734E-002
  0.480332775652728     
 -0.498948009744028     
 -0.414581039997007     
  0.263258775485813     
 -0.157922330313094     
  0.391773597197444     
 -4.446887487365435E-002
 -5.154322908196824E-002
 -0.263004519567916     
 -0.430909354178491     
  8.516939460840177E-002
  5.335024157027343E-002
 -0.447255578026376     
  0.359615468461113     
 -0.353450576482402     
 -0.490826235832873     
  0.490772663185987     
  4.353476561857750E-002
  0.153147091724663     
 -0.609929376989513     
  0.482543731916412     
 -0.297181470420081     
  6.452450737266935E-002
 -0.414480551384027     
  0.368964377120443     
 -0.426869770499584     
  0.237073911969118     
 -0.287475241605033     
  0.718255786515652     
 -0.548953350937952     
 -5.800772584765653E-002
  0.533636262349769     
 -0.397820859286856     
 -0.390470304527249     
 -0.514851813982645     
 -0.397615105087971     
 -0.754686492088390     
 -0.542132908309396     
 -0.207272788732205     
 -0.225555519027896     
 -0.168492645529531     
 -0.278363814738258     
 -0.264716989011698     
 -0.272289915490836     
  0.420668640219222     
  3.940215700948064E-002
  0.379737677517278     
 -0.260755721910649     
 -0.114228841617066     
 -0.549173890884082     
  0.114953716010808     
  6.461558101048807E-002
 -0.415510084198755     
 -0.344338127182773     
  0.187061797925414     
 -0.179274077446207     
 -0.305433406686357     
 -0.381532447350166     
  0.285153125585524     
  0.232616460738579     
 -6.098381938720049E-002
  0.335203922410476     
 -4.596197970283339E-002
  0.160676529614640     
 -0.419008921820619     
 -0.167744626001836     
 -0.178518091803394     
  0.281083791995317     
  0.366674454319986     
 -4.029089667728936E-003
  0.283543660039027     
  0.452234222206233     
  0.290884352858252     
  0.156079359246202     
  0.234373797510843     
 -0.285350318670431     
  0.312086447037217     
 -0.638912357192019     
 -0.372986616804652     
 -4.336975795537538E-002
  0.255990639114741     
 -0.228687317087472     
  0.220382552087466     
  0.603709436786916     
 -0.439540969159811     
  0.287273187101539     
  0.440566293829423     
 -0.485386020035636     
 -0.158484821627371     
  0.407527256224633     
  0.191601685793020     
  0.158928385628076     
 -6.215963843036103E-002
  8.910159024544147E-002
  0.533358875956649     
 -0.634815639844634     
 -0.880337797451249     
  0.110260109592726     
 -0.485208829692257     
  -1.04814478197576     
 -0.346100424715079     
  0.642644719758963     
  0.363437599157670     
 -0.375531085056606     
 -0.427476068732470     
 -3.251961290175869E-002
  0.108974865684562     
 -0.326709991374724     
 -7.961083476827466E-002
  0.125848420638062     
 -9.690830704256992E-003
  0.350238427213761     
 -0.774595045222132     
  0.276353768504058     
 -5.429069604631064E-002
  0.767757480972066     
 -5.050338529149030E-002
 -0.741165927042885     
  5.133060051422650E-002
 -0.657881090651322     
 -0.304547808687974     
 -0.131234477369721     
 -0.653531667917127     
  0.115439803124407     
  0.428807828519906     
  2.199319182220649E-002
  0.458976208127471     
 -0.174620705674903     
  0.343220240704265     
  0.235909731347352     
 -1.488918469765019E-002
 -0.286764112342402     
  3.756795243462773E-002
  0.501783953013210     
 -0.380002165486818     
  0.405919230909904     
  0.288217426337279     
 -5.991997496286481E-002
 -0.286544664091020     
 -0.105530786773041     
 -0.339341606565003     
 -0.777724725846047     
 -0.297859048005813     
  0.269391633261212     
  0.559404544603470     
 -0.419680389364085     
  0.126054426310007     
  0.287968811994731     
 -0.510494290828792     
  0.289192286920203     
  9.302307902614054E-002
 -0.455881557572499     
  0.121355083360995     
  0.224668731231078     
  0.421826136159967     
  0.313762913489012     
 -0.139760523392865     
 -0.183804071470019     
 -0.592242511047121     
 -0.527509113385993     
 -0.243599439882698     
 -0.652613423338687     
 -0.409447117359840     
  1.922810220185441E-002
  0.686931839570554     
  0.637725330823343     
 -0.397214578200257     
 -0.164549801986158     
 -4.221232523824090E-002
  0.228219824496020     
 -0.149271112722435     
  0.106983952130174     
  0.239134033192444     
 -0.296963693773655     
 -0.286440922103061     
 -0.436011216203891     
  0.189715903418329     
  0.141998890681699     
  0.774306495058189     
 -0.444745914646620     
 -0.607008157005419     
 -0.184945939089592     
 -0.509031889448653     
  0.107427388385513     
  0.256426271667074     
 -0.287917773072235     
  0.252659711273132     
 -4.244071194487997E-002
  0.482663666957082     
  0.432031455559897     
 -0.429075032481981     
  0.170354349402660     
  0.456228007842833     
  0.340958404596075     
  0.394657359386287     
 -0.175750183600076     
  0.309517875785562     
  1.619856764121339E-002
 -0.125672608762808     
  0.491895411026488     
 -0.227126442138065     
 -0.475218404021111     
 -7.653692461182147E-002
 -0.675583546914607     
 -0.261787246828265     
 -0.186158858473281     
  0.419862834623264     
  0.439341810262263     
  0.477931970885231     
  0.650222018740697     
 -8.753293279657989E-002
  0.353387333019863     
 -0.513645528587805     
 -0.139451387992203     
  0.192282929544877     
  0.371104742861398     
  0.351561193650534     
  0.847117291929272     
  0.566853526166315     
 -0.381139003894488     
  0.532497932820855     
 -0.223680541390444     
 -0.699464015091453     
  0.329590090931745     
 -0.193233325175741     
 -0.221691524786137     
  0.225230907246421     
 -0.139952528104204     
  0.704556802649419     
 -0.373864742173776     
 -0.163963835231315     
 -0.317237744560059     
  0.118622734493228     
 -0.384236012964222     
 -0.532817728746085     
  0.541485992592170     
 -0.379787119115478     
  5.907002864593695E-002
 -0.717913306514897     
 -0.525591866628992     
  0.272594330424372     
   1.17348353567309     
 -0.517677389630679     
 -0.138488433493336     
  0.299956591779809     
 -9.190509980415244E-002
 -0.447370034824568     
  0.549927492515743     
  0.461543013761753     
 -0.529746435113736     
 -0.204933710402093     
 -0.441779405639432     
  0.497325885606688     
  0.240408551588872     
 -3.729027295291421E-002
  0.149228419193136     
 -0.253176274653828     
  0.256373505083363     
 -2.890931550571009E-002
 -3.391501091253547E-002
  7.189869411520992E-002
 -0.393792303021373     
  0.394699684101103     
 -0.514564755426814     
 -0.360190655877819     
  0.566537793682835     
 -0.174637839691959     
  2.267460531325092E-002
  5.834027196608110E-002
  0.907648244142683     
 -0.185904364277908     
  4.134826681382101E-003
  0.459955150625872     
 -0.517457672000741     
 -0.230753230012334     
  0.208949276421107     
  0.381134858514593     
  0.300088627795964     
 -0.364625559505058     
 -0.481717554524146     
   1.04776214520185     
 -0.292593445838966     
 -0.131286388506497     
  0.179010720673098     
 -0.394869120955649     
 -0.184669019922401     
  0.611090797229942     
 -0.589972854814548     
 -0.248866319478163     
 -0.456189561879890     
 -0.333486791668446     
  0.762223106420842     
 -0.157380368072673     
  0.288605763809485     
 -0.455702902722985     
 -0.191380715919490     
 -0.283921525260638     
 -0.129131522227173     
  0.514977564415630     
 -0.381205143923497     
 -0.525661121779694     
  -1.09022993822128     
  0.177819850948346     
  0.532581457455592     
   1.17316939084600     
 -1.045068378682238E-003
 -0.571568165002475     
  0.290167945966957     
 -0.286841675761031     
  0.156743116035954     
 -3.501053820238311E-003
 -0.104198474817221     
 -0.304583137989743     
 -0.341919706621744     
  0.241010157664867     
  3.672382711397037E-002
 -0.185471344920209     
  1.076414940737881E-002
 -0.216877581698914     
  0.313044586495101     
 -0.260813573064435     
  0.258984708059568     
  0.247526037210395     
 -0.351657768669822     
 -0.487718801197374     
  -1.41752762493568     
 -0.815739333504490     
  2.159225837688991E-002
  0.440392002193233     
 -0.141070791204337     
 -0.491633186329805     
 -0.139455145545261     
 -3.198472594096169E-002
  0.571071069956415     
  0.575516294501129     
 -0.290425774903315     
  0.163958499197333     
 -0.333667080848459     
  0.327975587512657     
  0.460293332015246     
 -0.449956572204083     
  8.963745346185391E-002
  0.163936968155624     
  0.605665895307176     
 -2.645324561197239E-002
   1.47128119291548     
  0.491390107287060     
  0.151765132926238     
 -1.471627333236647E-002
  0.465254956557154     
 -0.124729667817401     
 -0.753023346804488     
 -0.879813524822079     
  1.125995545293897E-002
  0.565642179353664     
  0.135521801337363     
 -0.215739513590165     
  7.366108789822209E-002
 -0.268164446912304     
  0.471186506578879     
  0.238299369428773     
  0.220044742857833     
  0.396404581724218     
 -0.140099455012679     
  -1.50947963244420     
  0.111721042046284     
 -0.182366278349837     
  0.426149082012463     
 -0.205637094660921     
 -0.145217469495039     
  0.168568320649245     
  0.169350550454227     
  0.143953465968591     
  0.479431143893705     
  0.456402781356028     
 -0.673457297548336     
 -6.837079685776452E-002
  0.168064884603292     
 -3.713390939133634E-003
 -0.436576845274784     
  0.275425539860411     
  0.366903199677323     
  0.444149596375470     
  0.320838575380312     
  0.503762730423870     
  0.128648753092836     
  0.420003153138275     
 -0.385020337567343     
  -1.31436588403047     
 -0.111359915737669     
 -0.140596131437126     
  0.454104225669943     
 -0.212455403382059     
 -5.769344104626575E-002
 -0.644200037157018     
  0.728927207746715     
  0.390201293665307     
  0.672882472921344     
  0.345044602752233     
  0.231216301142440     
 -0.180064102196924     
  0.304282587132694     
  0.528106005824472     
  3.861834510274912E-002
  0.654247737491038     
  0.135142458860194     
  0.908797654882902     
 -6.532525873535376E-002
  0.948770411978606     
 -4.714133640937686E-002
 -0.173487217087166     
 -0.375026752484578     
  0.293487876750761     
 -0.263493843032259     
 -0.397966799683084     
 -0.231992208479473     
 -0.481245622857188     
  0.610746033654303     
  0.521469415078500     
 -0.846764580962619     
  0.343357491117960     
 -0.175588916652675     
  0.413219065068662     
 -8.487546696798455E-002
 -0.458697305904272     
 -0.180862286384948     
 -0.141395924691896     
  -1.17753391666104     
  0.288715105830856     
 -0.358726636084777     
   1.08055600299537     
 -0.211408084089013     
 -0.188783894982662     
   1.14643813520154     
  0.327086306660023     
 -0.216257262752252     
 -0.887258393842309     
  0.681649904322966     
 -0.431799746767208     
  0.112426424847673     
 -0.109048479962771     
  0.514451933861248     
 -0.414099236703697     
  0.403594019872512     
 -0.256638788130440     
 -0.378752718106443     
 -0.212441229369768     
 -0.422365297153732     
  0.693086208585929     
 -5.852308895360765E-002
 -0.200580501904367     
  -1.22851182606160     
  4.616149995933769E-002
  0.202618469270620     
   1.51243263169010     
  0.217435646053506     
  0.457676063396466     
 -0.250510197900512     
 -2.424766039133175E-002
  0.908936015421628     
  0.387189214210793     
  8.491590857421621E-002
 -0.510775604462355     
  0.383249129441076     
  0.340760216654325     
 -0.204328279350208     
 -0.240935203750356     
  0.113464163361225     
 -0.195889399700938     
  0.783261270550263     
 -0.229996684498850     
 -4.030253281623186E-003
   1.57464193833122     
 -0.398359427924006     
 -6.164057249139995E-002
   1.15891946463207     
  0.603847004171383     
  0.394191267288985     
  -1.15014283750158     
   1.05898242161172     
  0.972346874780317     
 -0.114292686548347     
 -0.150518229198707     
 -0.108834660058271     
  0.391639024673046     
 -0.500010399839398     
 -0.333807977345455     
  0.329769839413199     
 -6.732471288789489E-002
 -0.202494851986139     
 -0.787811046825899     
 -0.208667835607686     
  0.247965545946441     
 -0.222613657645879     
 -0.660017373573892     
 -4.194621287839168E-002
   1.01039576472537     
  0.600344540436348     
  0.366359750027547     
  0.121921057180013     
 -0.283249613721271     
  -1.63600195491733     
 -0.412890929320803     
 -0.240004833477981     
  9.127035489480660E-002
  0.322175333243139     
  0.390078308914395     
  0.372449582986911     
  0.429464945276037     
 -0.240730467551053     
  0.468231381405995     
  0.387462350961023     
  0.355506359396834     
 -0.188533668148360     
 -0.501860365148707     
   1.39539294765881     
  0.956442284775732     
   1.88968644342990     
  0.730335296097101     
 -7.769621884092211E-002
  -1.92092097928465     
  -1.02077012526490     
  0.384146385131888     
  0.349968775720499     
  4.430557373238574E-002
 -0.460753698152381     
  0.205772018900667     
 -7.359997412914100E-002
 -5.654180381814712E-002
 -0.591933885827866     
  0.310566401322269     
  0.261510515819232     
  0.113446500847544     
  0.433597384778073     
 -0.103490060320061     
   1.98233016479861     
  -1.44702808357787     
  0.580552940568977     
   1.22230450876315     
   1.17105640889184     
  0.395420381380388     
  -1.55788737554592     
   3.06000304444492     
  0.682939453573274     
 -0.405483685472106     
 -0.359542263321605     
  0.300163759383141     
  0.341232350214456     
  0.245933986047313     
 -0.430200839873864     
  0.367606901274229     
  0.236255114472392     
 -0.551456411708117     
 -0.540214107658651     
 -0.106521801700711     
 -8.290942384125644E-002
  -1.47193035281212     
  7.028969467002989E-002
  0.744618973028952     
   1.21252249684081     
   1.14267951284007     
   1.08431271661227     
   2.12325500162738     
 -0.703251298064084     
  -1.72642525915942     
 -9.229859206932854E-002
  0.201674823519580     
 -0.396704269895733     
 -0.111684540057854     
  0.496563815743371     
  0.455384881514967     
 -9.208308833058210E-002
  0.322236878311481     
 -0.350778207476918     
  0.426596647720160     
  0.683291537296909     
 -0.161691274221782     
   1.07104578919390     
   2.19835426631122     
  0.456434168188941     
   2.56039719063368     
  0.807030369774317     
  -5.31834382128851     
  -5.14299386492229     
  -1.18513775621223     
 -0.414143297920684     
 -0.526675764809219     
 -0.737331653169867     
 -2.118133453605513E-002
  0.485369952287207     
 -0.403045546676947     
  0.412434414461124     
  0.224714472061419     
 -0.214108360665329     
  0.632025200304970     
  0.219026091874560     
 -1.008118108029964E-002
 -1.527427614380869E-002
 -0.605100090911894     
  -1.21941274906460     
   4.76431402279555     
  -1.21790288668281     
   1.26411308040649     
   3.08245560516149     
 -0.653074727165347     
   1.50721732299016     
   1.70137247286536     
  0.417779642519242     
   1.13430403560746     
  0.286343508022774     
 -0.542040657840504     
 -0.472472822112797     
 -0.256265832740196     
  0.503772280489053     
  4.190534397586132E-002
  0.196029168902779     
 -4.731588295479647E-002
 -0.351795764997268     
  0.542777330707210     
  -1.30778348286598     
   1.23722725145161     
  -4.45581215671972     
   3.18955558573567     
   5.07778625346243     
   2.50329106584523     
   3.07206613804353     
  0.686690360912010     
  -1.69058029265106     
  0.594138010442513     
 -0.523498202077436     
  0.128737003914261     
 -0.182782635497198     
 -0.159381762341389     
 -6.490473962707449E-002
 -0.303883725861444     
 -0.193730590619597     
 -0.474683914329309     
  0.331710827670542     
  0.465367457846648     
 -0.195446220921089     
  0.530615483181814     
  -1.13658758778111     
 -0.115157669850873     
   1.04899720070941     
 -0.186925626192774     
 -0.171338681791137     
  -2.33080603892782     
   2.88567815400501     
  0.559714066461804     
 -0.308631679920605     
 -0.550147614359210     
 -6.060035988430430E-002
 -0.300990674715917     
 -6.296844315074471E-002
  0.250509608226375     
 -0.158084635204363     
 -7.115580398020017E-003
 -0.376960614936326     
 -5.087460754683217E-002
 -9.210363816556894E-002
  0.563872673458360     
 -0.616842605628925     
  0.666472390876095     
   1.08253183815489     
  0.375166746889349     
   1.06368254839234     
  0.328748865539680     
  -1.75328492205201     
  0.141464205362246     
   2.76785472258637     
 -0.308364301879731     
 -0.175494855675764     
 -0.312135176380801     
 -0.363388960533090     
  0.233014629267510     
  0.374922011981809     
  0.328983320679234     
 -0.247877179785131     
 -0.591400699128799     
 -0.566559010321343     
 -0.183804745433104     
 -0.467558848367895     
  0.678665208042093     
  0.525818115690392     
   1.05500810359468     
   1.14144632353631     
   2.07211464198109     
  0.435546950073198     
  0.797960027252831     
 -0.644677893865727     
  -2.56661348500757     
 -0.190572411230445     
  0.644636971227969     
 -0.183632928182238     
 -0.400711593181811     
 -8.580074097760687E-002
 -0.152761383713992     
  0.432976252657707     
 -0.233640700927866     
 -0.262835719918540     
  0.133065645687255     
 -0.461516780364566     
  3.752387806484598E-002
 -0.382280444941342     
  0.332798345748331     
  0.264485950401651     
  0.861673824681055     
 -0.427197729867117     
  0.103048458471562     
 -0.517466349611548     
   2.19696165853269     
  0.367175747486065     
  0.505374053359669     
  0.202288501390092     
  0.364533606329282     
  0.248952538452573     
 -0.210147454362088     
  0.284906191252038     
 -0.251508063267404     
 -3.644962207241584E-002
  0.167938877254913     
  0.666564420386575     
  0.164923890463126     
  0.734969424950161     
  0.720780519026398     
  0.274180628554231     
 -0.537335740214978     
  0.880287604412363     
   1.71148795299035     
 -2.327185342360516E-002
 -0.564451017854012     
   1.60372254413652     
  0.989572910035981     
  0.250950707833506     
  0.113112661489872     
  0.207623854377001     
 -0.127087697993417     
  8.458833773963788E-002
 -0.269461997677651     
  0.249807961612565     
  0.338545514072430     
 -0.382502123775737     
 -0.507312601840251     
  0.433334040663193     
 -0.761152601160253     
  0.828824061350614     
 -0.783231276893210     
  0.212595809638671     
  0.389559166639112     
   1.74976597324401     
  0.102870324863832     
 -0.333049418188807     
 -7.909671303400034E-003
 -0.690691463326623     
  0.226276612374754     
  0.790442843818666     
 -0.445279145105169     
  0.510340056885461     
 -0.331608679666989     
  0.351892710109125     
  0.169774398736191     
  0.163511309453946     
  0.295035321459003     
 -0.164325242987391     
  8.596329550335609E-002
 -0.233037476762093     
 -0.654910847386254     
  0.401382626527702     
 -0.754159017680252     
  0.605154172429099     
  0.836103439478494     
 -0.210165998921368     
 -0.797561623210514     
   1.78250034760656     
  0.211760178058681     
  0.422806997363699     
 -3.554343262510373E-002
  0.560858934327932     
  6.139420831463498E-002
  0.373350870151281     
 -0.134109713432675     
 -0.351531869587271     
 -7.462504203509496E-002
 -1.040985600264771E-002
 -6.020050486212284E-002
 -0.304038872979708     
  0.822999686926130     
   1.53674745848735     
  0.315492089399033     
 -0.356409720113797     
  0.642295218427934     
 -0.250829304978181     
 -0.226372886300214     
 -0.633808219466143     
  0.672930755220931     
  0.398182359982732     
  0.761702152690935     
 -0.515423435059286     
  0.427841566041359     
 -0.515004290191963     
  0.502832060797157     
 -0.459421523069537     
  0.534944784618592     
  0.130056098105372     
  0.176869053381945     
 -0.159428127541713     
  0.350685314029811     
 -0.547747857564845     
  0.600921460228406     
 -0.253026334944125     
  9.138148354531414E-002
  0.409524709939391     
 -7.851217464983723E-002
 -0.172634998853663     
 -0.607286156788986     
  0.861426353916925     
  2.316828087507851E-002
 -0.752311566973764     
  0.776142842340980     
  8.811577875367654E-002
  3.082803291348360E-002
 -0.493714139004425     
 -0.181511731782724     
 -1.062912468590432E-002
  0.109658633578208     
  0.346865790451082     
 -0.188995077143349     
 -0.253174126315399     
  0.269867258454139     
 -0.597881959033315     
   1.14977638461883     
 -0.164293652016360     
  0.309395118540178     
  0.147355873200510     
 -0.364540263744553     
  0.329095244955469     
   1.01624747994560     
  0.104807043607840     
  0.363093201583921     
  0.295846865010752     
 -0.323775265320309     
 -0.734452179700688     
 -2.692216050450951E-002
  0.147307331361662     
 -0.397424487519937     
  0.533195774793964     
  8.587643234079925E-003
  0.488757028091751     
 -8.058240631997993E-002
  0.517307000138163     
   1.30190760762747     
 -0.278198626333460     
 -0.614313464628011     
  0.659404072144693     
 -0.562797126691807     
 -0.538115230284425     
  1.425518480066831E-002
  0.615513542925844     
  0.319060136280623     
   1.01436348877564     
 -0.221581513553836     
 -0.236623918417703     
  0.208306929931141     
  0.369875628152935     
 -0.271186777981196     
  0.335795980446402     
 -0.204213238739440     
  0.229812087033463     
 -0.349524390743076     
 -0.246129294416173     
 -0.462618148931365     
  0.265275109572003     
  6.442563638381228E-003
 -0.274880788965313     
 -0.150741200655120     
 -0.533403692089909     
 -5.784109714259141E-002
  0.267170261981096     
  0.557095682372308     
 -6.684147074258734E-002
  -1.28665577332381     
  0.699147833862178     
  0.116835942305917     
  0.469908468395095     
 -7.219649905594334E-002
 -7.539425762111175E-002
 -3.598223375817711E-002
 -0.411212462901626     
  0.298538876236363     
 -1.988131914405045E-002
 -0.362383870318944     
 -1.564732020166021E-002
 -0.375406425744259     
   1.06361018280802     
  0.386667430261102     
  0.581305824378287     
 -0.784132675194957     
 -0.136177357261510     
  9.047980045179836E-002
  0.112804900868685     
  0.280180251200561     
  0.750962463908537     
  0.557152937874392     
 -0.325875501650833     
  0.171359014118082     
  9.878576633774939E-003
  0.307548728462484     
 -0.546900957165465     
  0.196062722646966     
 -0.390762108380432     
  6.987014797136817E-002
  0.156096510826427     
  0.112491282290013     
  0.829823592987156     
 -0.634159913385166     
  3.658301266555642E-003
  0.746029536287855     
  -1.03698284923019     
 -0.539614103413475     
 -0.197858329131333     
   1.27788187740574     
  0.325027487952833     
  0.920770780256910     
 -0.443091956271456     
  0.247763821292348     
 -0.387805343021918     
 -0.502089787091566     
  0.233827288553758     
 -9.267719625484226E-002
 -7.310147743186794E-002
 -0.161416595826691     
 -0.307670114832683     
  0.354272161074984     
 -0.265182735247027     
  0.150157601597807     
 -0.380645862281717     
 -0.661040948410056     
  0.472562337965833     
 -0.558172026028169     
 -0.183496976377496     
  0.178853634492758     
  0.225994747982252     
  0.136454637934107     
  0.229653434448851     
  0.301443664920368     
 -0.561272362444017     
  0.586752663631660     
 -0.361365939361618     
  0.267837332057853     
  0.432690603524027     
  0.251637898388047     
  0.286336290406760     
 -0.185554154499275     
  0.124006521875713     
  0.301755077907762     
  0.117745829979941     
  0.925264319830387     
  0.153590606815101     
  0.164743806357663     
 -0.469012958745474     
  0.189615532155721     
  3.417890290961891E-002
   1.49840495103502     
  0.190561416332764     
  0.673324723052500     
   1.01985833347408     
  0.168379613765618     
 -0.556566553735313     
 -0.544327068971238     
  0.432892009078590     
  0.186063818977984     
 -0.344274956038407     
  0.124753606289795     
  0.369217865488807     
  5.369201090436616E-002
  0.476114375799844     
  0.885613215979472     
 -0.350282738248398     
 -2.468624531710076E-002
  0.286486808968413     
 -0.359049937206161     
  0.485627017844172     
  0.600076617817933     
  9.609296308939821E-002
  0.449737532176190     
  0.114408190175110     
 -7.968160963710936E-003
  0.232625363514513     
  7.899887964024366E-002
  0.425889113053535     
  0.201338465552188     
  0.321217369950810     
  0.225758911339940     
  0.376118710836379     
 -0.605358530673281     
 -4.958440929100528E-002
  0.280923774577296     
  0.271869760865790     
 -0.943794011260918     
  0.126565014959832     
 -0.235102143680285     
 -0.158323357095823     
  0.506136820184012     
  0.345370227897208     
 -0.380294849791504     
  0.260153999211077     
 -0.187608906144616     
  0.205654706886765     
 -0.375449209456865     
  0.197031955198270     
  0.283669132828047     
  0.402264380095015     
 -0.383457175718146     
  0.457527705627934     
  0.264308240733546     
  0.229939855161574     
 -0.197361181642952     
 -0.307040901214505     
 -0.265813508554159     
  0.847485210951766     
 -0.262714128142727     
  0.407351378674996     
 -0.637198884611186     
  3.374996707696198E-002
 -7.813052690803192E-002
  0.324290501421281     
 -0.305829238569548     
  0.431626365206524     
  0.506571269052984     
 -0.253063474033499     
 -0.453092075978216     
 -0.110412648789694     
 -0.530579367548547     
  0.148296006690430     
 -4.258961960069974E-002
  0.115763638946216     
  0.330152115221628     
  0.190552898479132     
 -6.894314849494437E-002
  0.719931646255274     
  2.990522322345422E-002
 -0.291270157480129     
 -7.184937476976073E-002
 -0.270408677597304     
 -0.420918124525788     
  0.190665831762791     
 -0.516382673952350     
  5.663516769243345E-002
  0.314180553297643     
  0.409786067263821     
 -0.316990850428475     
 -0.324266399565084     
 -0.447816884860791     
 -0.255490049501293     
  0.273561826515421     
 -0.447302846862590     
 -0.327721286725267     
 -0.481931326775154     
  0.217415886557412     
 -0.266247776691632     
 -0.248544243993827     
 -2.899855547061300E-002
 -0.497585869509707     
  5.590064753968039E-002
 -0.760817534585964     
 -0.239805875557621     
  0.243730407969466     
  0.193808984393729     
  0.252933237775793     
  3.626879646929633E-002
 -0.143405159706670     
 -0.137222122658424     
 -0.171112420540815     
  0.623243626640328     
  0.432619153048169     
  0.394157248340037     
 -0.460048867682595     
  0.191489056735661     
  0.326620887705028     
 -0.475518723419205     
  0.150229124305430     
  0.814598956949233     
  0.851316808449510     
 -0.377528662689984     
  0.153183415472884     
 -0.338203935472339     
 -0.259590987071007     
  0.476237902657050     
  0.934401870700933     
 -0.207114788216719     
 -0.391064885250841     
  0.578809606309143     
  9.235954590098494E-002
  0.121922672234784     
 -0.560874296247476     
  0.266510957590472     
  0.283882642570889     
 -0.398995242359737     
 -3.856311753675734E-002
 -0.299885116419894     
 -0.397669235640645     
  4.036978338409178E-002
  0.523852556455561     
 -0.353763143077346     
 -0.963208322462225     
  0.457002755306682     
 -0.698920554363573     
 -0.285658918582699     
  0.203785523600782     
 -0.767901188853364     
  0.734961084468640     
 -0.634755944734814     
  6.914652057355705E-002
 -0.254096429514480     
  0.392955798212952     
  0.163931982806258     
  0.116520571694466     
  0.499127585407346     
 -0.219819257223018     
  5.628364519572446E-002
  0.453192950276267     
 -0.412572344092986     
  0.305738759101543     
  0.220391719137399     
 -0.795490881111299     
 -0.325213664438550     
 -0.464354388891173     
 -0.677489854930831     
 -0.766079509054087     
  0.367418606697940     
 -8.257394873715776E-002
 -9.127413587504046E-002
  0.361986505200588     
 -2.511044943343884E-002
  0.212483199392032     
  0.225986183354875     
 -0.116007412953869     
 -0.438765056518925     
 -0.249556227381670     
  0.163754884955874     
 -0.522236424441629     
 -0.245712723507736     
  3.230402520976551E-002
 -9.734695608524539E-002
  4.871510863514343E-002
  0.934813667148051     
 -0.774891714211544     
  0.542306852402954     
 -0.151385891269031     
 -9.637537733381949E-003
  0.434754668179971     
  0.526488986408239     
  0.444674262324582     
  0.300992736509186     
  0.129524760182653     
 -0.137589786098884     
 -0.325966766677263     
 -3.573650691395567E-002
  0.458091991337968     
 -0.364757900203068     
 -0.174148830132473     
  0.131240976077086     
 -0.144735947494864     
 -0.131849223512229     
  0.254066983693476     
  0.284274719922823     
  0.679564231337215     
 -0.731489315024045     
  0.654091152041602     
 -0.527644518047230     
 -0.392929892910323     
  0.656465929014386     
 -0.349511936905725     
  4.785845199252557E-002
  3.514952519153917E-002
 -0.266194998308182     
  0.337000002562136     
 -0.532229306930575     
  5.908020370640731E-002
 -0.212195095063971     
  0.241999958375380     
 -0.488039014927540     
  1.428284815770335E-002
  0.138399371888412     
  4.929918356618346E-002
  0.661765024462242     
  0.370644787146708     
 -0.285576131990874     
 -0.103769381155150     
  0.272283004614900     
 -0.206599869967121     
 -0.533904133201787     
 -3.366989803102313E-002
 -0.535142281678522     
 -0.339390863765574     
  0.407605933258570     
  5.336381772442809E-002
 -0.454079302172596     
 -0.281181721897969     
  0.343421365651672     
 -0.258589433201501     
 -9.244940802244710E-002
  0.133805629034024     
  0.266416656800352     
  0.189362855126788     
 -0.116246364936609     
 -0.107595950148323     
  0.456193723614912     
   1.19076479545777     
 -0.760433101719700     
  0.325736570376233     
 -1.890623741111576E-002
 -0.525125191662358     
 -0.205644263119549     
 -0.519983325344081     
 -7.519978088101949E-002
 -0.368099039452909     
   1.01314524598242     
  0.359566627712734     
 -0.242385005743118     
 -0.157423766649354     
  0.106206623196995     
 -0.522722451240299     
  9.950544287368430E-002
 -0.346627706159921     
 -6.892652476996447E-002
  0.457677474712643     
  0.257610214456810     
 -9.317028546206763E-002
 -0.415557751671580     
 -0.250328336893500     
 -0.136868808766973     
 -8.317607463246889E-002
 -0.446747898278472     
  0.100708598536836     
  0.609644150671357     
 -0.533206658261775     
  3.209565603370174E-002
 -0.116576194302200     
  0.262811439013658     
 -0.352807332752051     
  0.272029172865067     
  0.410908603539159     
  1.484001183967640E-002
 -0.412059330349230     
  0.173690161001071     
 -0.138682624697636     
 -0.345336274836131     
  3.922210213734707E-002
 -0.137594505555908     
 -0.629944811794525     
 -0.745707613440626     
  9.100193917766332E-002
 -9.409257188223248E-002
  1.230910609655732E-002
 -0.159035058244821     
 -0.542118722017840     
 -0.145246328347825     
  2.261969982043604E-002
 -0.686538040722546     
 -0.445668325941102     
 -0.554440103248442     
  0.366096523373909     
  0.278336427917836     
  0.320391785124622     
 -9.208567710281378E-002
 -0.199847460122619     
 -0.302397447476636     
  0.162953302131613     
  6.306116856134610E-002
 -0.836001498420652     
   2.35443015934086     
  -7.15890179898073     
  -3.46705025208253     
  -9.50443763909054     
  -8.75688453085551     
   5.96868398738992     
  -3.06804100815612     
  -3.41215404541566     
 -0.206978522104411     
 -0.246881736865727     
 -0.407899644654993     
  0.341577462019441     
  0.590141412838152     
  0.295373291898640     
 -0.445885449372799     
  3.279481685437569E-003
  0.118500755184541     
 -0.357497818291950     
 -0.465760656239967     
 -3.933228879331879E-002
 -5.754701973616039E-002
 -0.192539095585252     
 -4.425512729768044E-003
 -0.379344225675479     
  0.361659481523304     
  0.411337529581848     
  0.350316134481730     
 -0.236301860591854     
  0.474761086790846     
  0.310073915387198     
  0.412701641442159     
  0.276944856183824     
 -0.387412959753062     
 -0.249558183726778     
 -0.324268457978539     
  2.011476095429154E-002
  6.904786087106207E-002
  0.487682659540322     
  0.482953582924755     
  1.360550715720943E-003
 -0.132973006517953     
  0.122863273490040     
 -3.665048218845374E-002
  1.557792933592128E-002
 -0.181483414055102     
 -0.191580492272241     
  0.106820845869503     
  0.338260452817004     
  0.143850350490505     
 -0.306836815164090     
 -6.255724516645689E-003
 -0.139714651600447     
 -0.183968995655865     
  3.324829200532176E-002
 -0.195689178151815     
  5.213521151593037E-002
