  0.444038050034125      -0.188239783872512     
  0.241061301953603      -6.660532499643643E-002
 -0.471499227280380      -9.323800650639877E-002
  3.300280947838031E-002 -3.364835214145596E-002
 -0.242933611975059       0.310899165817839     
 -0.256904688236397       0.393744255326901     
  0.234650989039826       0.234638181447676     
 -0.255419950135523      -0.339644191343548     
  0.565623668864071      -0.299604926764501     
 -0.287406516864640      -0.524836284867769     
 -0.122888973951978       0.264409222931994     
 -5.304593510137277E-003  0.262243973233570     
 -0.246235152764525       0.176742737140269     
  0.425482409939728       0.275629037935763     
  0.114350880852407       0.132261408804762     
 -0.478642953987319      -0.100724845493320     
  0.323506311109868      -0.386356514420378     
 -0.190202263546079       9.762817155818894E-002
  0.283982701658702      -6.731967550151058E-002
  4.101071983024711E-002 -0.151876488143655     
  0.388061917512369      -0.451518973028058     
 -0.541240244162398       0.213653308536534     
 -4.955488627525005E-002  2.147836620405367E-002
  0.146505670862917      -0.377052050399530     
  0.250813378899337       0.433162228770356     
  0.212300719670829      -0.143115382087221     
 -0.564265031253547       0.343022518030664     
  0.451124961267109      -0.566370808626985     
  0.431538515194037      -0.153558838693302     
 -6.250193538127866E-002 -0.269977464432120     
 -0.219046612675800      -0.196972169744762     
 -0.220213807752775       3.711428063990163E-002
  0.295842356871767      -0.149623789712147     
  0.505657729916617      -0.354069963968383     
  0.319411642917095       0.168313999609774     
  0.287062830120270       1.811617195738069E-002
  0.150922579001391      -0.431269263058510     
 -0.140289195843778      -0.210103520460536     
 -0.650781548252126       0.736153574436093     
  3.550630514420285E-003 -0.319673460245871     
  0.203298039380567       0.250960588329308     
  0.672888654608347      -0.624806885469720     
  3.613217266128275E-002  1.723907911257163E-002
  0.231295573569676      -0.124465849078016     
  0.440774753854249      -0.474139723073122     
  -1.66608992331456        1.61251269129427     
  0.835598195132310      -0.881709066975078     
   1.58472865347374       -1.74404165334974     
  0.844174345240995      -0.828809722824450     
  -2.22196670978620        2.20299313500350     
 -1.810130753893751E-002 -0.134224498879782     
  0.803331761056684      -0.981902123395350     
  -1.20625448821592       0.896452536751822     
  -2.16777237176570        2.14500453267379     
  0.659942416607600      -0.398410386795045     
  0.469281218653144      -0.198332200899125     
   1.42171998276586       -1.45078987436417     
  -1.14401810376683        1.29744855998112     
 -0.264131936490920       0.182882644312803     
 -0.864048229133391       0.941899394607543     
  0.178367592604862      -0.312729406339165     
  0.306832068006527      -0.169474050154164     
 -0.264373019099753      -0.213126776072509     
  0.515497197096977      -0.448343995116209     
  9.290519108596942E-002  5.492248485488200E-002
 -0.134023920254391       0.201635713544952     
  0.555976709570938      -0.169703707339368     
  5.551529749136871E-002 -9.597164269181002E-002
 -5.059497126547068E-002 -0.721548516847516     
 -4.816601637900040E-002 -0.175256703294901     
 -0.288582220706349       0.500911815555976     
 -0.430285344778073       0.286052732664064     
  0.318021607540239      -0.115730631284347     
 -0.362152151728892       0.412848065013543     
 -0.106172574860725      -4.003246539267095E-002
 -0.544327526906446      -0.286829052150607     
  0.142135985182016       0.353249578810950     
 -0.198879457826709       0.152293406283376     
  0.148637803750888      -0.498760929900739     
 -0.206628489764796       0.545414764284787     
  0.529489154755270       0.111365227682632     
 -0.175713565314018      -7.339438644210501E-002
  0.345444093160507      -0.234334964228276     
 -6.040584030384347E-002 -0.293824843216206     
  3.748190401961622E-002  0.465092646000628     
 -0.211642647488689      -0.366109591185927     
  0.394670998555032      -0.124001291162300     
  0.459371159617005      -4.386916536454063E-002
 -0.225339354153887       0.395743872883768     
  0.340827152511988       0.446090439274237     
  0.501934682409808       9.128434002958517E-002
  0.305563289254478      -0.372818927348431     
  3.576142617687766E-002 -0.519364513952867     
 -0.306780068072054      -0.378368250443221     
  0.439830698279779      -0.438984764671787     
 -0.467033478703755      -0.476321681304879     
  0.249521475042129       0.456093447820315     
 -0.207235083868165      -6.002346537919880E-003
 -0.249045880046868      -3.562359737329751E-002
  4.101953779619371E-002 -0.300609343696922     
  5.537486934373226E-002  0.138534239328433     
   1.53992364725200       -1.47080397425771     
