  0.186946596959552     
  0.657214693474838     
 -0.655215046525258     
  2.370847810660638E-003
 -8.916762763202032E-002
  0.518993402330714     
  0.115943667314089     
  0.435091515817334     
  0.247255199811399     
 -0.422440579385293     
 -0.138731382680280     
  0.506889997861328     
 -0.371897496837747     
 -0.496970225596602     
  0.448147475144050     
  0.138342414315121     
 -0.202560214671941     
  0.388617636811215     
 -0.384874283786669     
  0.354325725526026     
  0.296601690990464     
 -9.267719837460739E-002
  0.322195162795135     
  1.241313708397624E-002
  0.390216679481573     
  0.373253100085724     
 -1.620753002916523E-002
  2.452092838564698E-002
  0.492405488207695     
 -0.114665892089794     
 -0.555941145470035     
  0.197011898267475     
 -1.558663605212606E-002
  0.822596391584179     
 -0.222688520487646     
 -0.350853978130419     
  0.335475885664951     
  0.289818714186756     
  0.257270043566874     
 -3.574932656738096E-002
  0.261559006491370     
  0.266968028472294     
 -0.328988272174475     
 -0.283535650246866     
 -0.745744040750211     
  0.376476213011185     
  0.529145476973661     
  0.420657146524534     
 -0.244714317572747     
  0.172409829661610     
  0.200547585473884     
 -0.560246621900088     
  0.299265191914729     
  0.180860839527820     
 -9.439588945125782E-002
  0.460076427815281     
 -0.420407627632507     
  5.862254374233269E-002
  0.281054517446108     
 -0.342665436623292     
 -0.115491777270640     
  0.404414164519920     
 -0.188919863379794     
 -0.278023487389484     
  8.800102158235890E-002
  3.512487306335744E-002
  0.300693351455118     
  7.697761554144796E-002
  0.207949323712060     
  0.454115220546509     
  0.176830037600898     
  7.356547039846752E-002
 -0.219748735195803     
 -0.136395843646323     
  0.703529175754598     
 -0.257610323289028     
 -0.152181962827597     
 -0.444359816283490     
  0.437527527389473     
  0.444020301565790     
  9.001041844814368E-002
  4.904351590525238E-002
 -0.271036362438475     
  0.233312228841065     
 -0.499348628689775     
 -0.400841497184049     
  5.885848786518854E-003
  0.468226903946656     
 -0.143567390654828     
 -0.202122125989502     
  0.782228769906188     
 -8.443520952124484E-002
  0.138981972678969     
 -0.628725743794983     
  3.593955113669054E-002
  0.476319337608312     
  0.137157128064165     
 -0.389934750223297     
  0.439402870755278     
  0.296719635898129     
 -0.175300215275956     
 -2.509781521778004E-002
 -0.246410297409238     
 -1.348248234690751E-003
  0.122490539847284     
 -0.276183278968799     
  0.620330030243457     
  0.125181001115697     
  0.133457528405689     
 -0.434312010315078     
  8.532852816786178E-002
 -0.363905177287045     
 -0.440163668580238     
  8.091348152162640E-002
 -0.363322480844789     
 -0.259695144176321     
  0.331295796894327     
  5.816884084327544E-002
 -0.323571995933371     
  0.414530202750775     
 -0.139164800279689     
  2.951171553934686E-002
  6.213438078648567E-002
 -0.386356558733970     
 -0.375886977293765     
 -0.383995651286436     
  0.406226511170594     
  0.473506394904311     
  2.304113698022094E-002
  0.432249282379262     
  0.348655607777177     
  0.192769958183561     
  0.286394278746195     
  9.059365488154840E-002
  0.401692633291457     
 -0.572904807532488     
 -0.109170510176094     
 -0.180033512634787     
 -0.464291528708614     
 -0.468914302431991     
  0.471258906781896     
 -0.238690147816104     
  0.507556414893672     
 -0.473258706668903     
  0.287095556701772     
 -0.225235999295018     
  0.346349362658701     
  0.387309603491469     
 -0.333946755212523     
 -0.471703655536153     
 -1.207198648716002E-004
 -0.627503971351705     
 -0.279584328749171     
  4.197354750736216E-002
  0.370065998564670     
 -0.179247190935488     
 -0.234655028380319     
  5.213228996876910E-002
  0.427309449731976     
  0.449633238041778     
 -0.201870256255624     
 -0.298925582964671     
 -0.541279785615123     
  0.204902219420524     
 -0.122592441655367     
  0.455100379857870     
 -0.484698652449966     
  0.483204540878808     
 -3.651336113490279E-002
  0.484578118954402     
 -5.877497468686149E-002
  0.578151694162210     
  0.530138511358190     
 -0.434283815294692     
 -0.183967719551864     
  0.105703816813993     
  0.325794976548492     
 -0.219963650228799     
 -3.210138792832177E-002
  0.240620920430141     
  0.474802224473831     
 -0.209416270648490     
  1.042286765911961E-002
 -0.540862417589289     
  0.487547227924342     
 -0.335594650455474     
  0.297494038150226     
  0.207890345985476     
  0.412710739057644     
 -0.516327730809466     
 -0.194457168099174     
 -0.157758873030713     
 -0.319754483980808     
  0.363957987093529     
 -2.657055444184404E-002
  0.588546069407163     
  0.267086064303227     
  3.684691309450785E-002
 -0.609343916740138     
 -0.206321437470910     
  0.854085453042058     
 -0.101372128096266     
 -2.419391220241898E-002
  0.288026808452591     
 -0.467624083749697     
  0.513801495433059     
 -0.462561694151548     
  0.183726834792227     
 -0.399682143329763     
  0.483959135752417     
 -0.504380687757012     
  0.299532085593818     
 -0.276924922882266     
 -1.775224687945772E-002
 -0.212838766069284     
  0.371436890945654     
  9.658349854544589E-002
  0.383929689161065     
 -6.746815900145577E-002
 -0.669687241838112     
  0.129985576533727     
  0.297085196076107     
  0.530340065278334     
 -0.363434295716117     
  0.162124135562953     
 -0.469842999790082     
  0.391733794307017     
  0.330344540553539     
  6.530946423436654E-002
 -9.348511976915148E-002
 -0.245704963384245     
 -0.400653462993132     
  0.137992624041764     
  5.170617700177676E-002
  0.321109477255688     
 -0.189253830190855     
  0.235849708705468     
 -0.183243401851788     
 -0.287272294400000     
  0.202792693788767     
 -0.438071411259993     
 -0.268779318196589     
  0.375057519300248     
 -0.797733768316648     
 -0.342675326605560     
  0.236398889660295     
  0.263527555596568     
 -0.467629509376131     
  0.357001145703871     
 -0.203005103601850     
  2.101556178762849E-002
  0.477207770575811     
  0.211449712410940     
  0.219878169999167     
 -0.576973699715135     
 -0.175844813246031     
  0.601893219446860     
  0.623753508200395     
  0.400803109930015     
  6.210120185831925E-002
  0.332703783017157     
 -0.682915979879218     
  7.921375163248430E-002
 -0.119189205876914     
 -0.403284222792787     
 -2.328116231250356E-002
 -0.241120312379607     
  0.480943116335036     
  0.103627601804062     
  0.262207469912260     
  0.313172474982038     
  0.455668021570524     
 -0.311310622632770     
 -8.848355435130134E-002
 -8.976424481990895E-002
  0.207729054635459     
  0.606230204220958     
  0.193107918744321     
  0.517709577186656     
 -1.522437755608554E-002
  3.481059139878830E-002
 -8.521816328810699E-003
 -0.783612708732703     
  0.337337800938224     
  0.153146606715322     
  0.320315167141176     
  0.151751647189395     
  0.157616962171527     
 -0.110009891359054     
 -0.180924144313047     
 -6.583425560777273E-002
 -4.496329614147531E-003
  0.326768238596118     
  0.115537540855484     
 -0.219366322507685     
 -0.368218670604590     
 -0.615553319854198     
  0.180969299851481     
 -9.049169223816343E-003
  6.946970132736786E-002
 -0.715310405009905     
 -0.425383580126747     
 -2.136591993394085E-002
 -0.699041845598487     
  0.143899736537759     
  0.344953290193791     
 -0.760827665813566     
  0.301361431775200     
  0.375231045204917     
 -0.232691395955560     
 -0.320602109676517     
 -0.241326627424484     
  5.781345756970609E-002
 -0.242155610273372     
 -0.225059967924243     
 -0.156700484678365     
  0.438616667260831     
  0.264832288540907     
  0.216181810981564     
 -1.218118347231089E-002
  0.607903473615286     
  0.185189084504438     
  0.214559352898500     
  4.045657605337874E-002
  2.345798560451399E-002
 -4.746198559135641E-002
 -0.112374585899045     
  0.995777132400198     
  0.140656962581960     
  6.621658570312160E-003
 -0.275041109098230     
 -0.432707158322827     
 -0.420023570110166     
  2.574994921482687E-002
 -0.396400870905863     
 -0.478762421068206     
 -0.527014010297274     
  0.167969326889033     
  0.425882863707475     
  0.437164240157216     
 -0.533832068287444     
  8.076045124832731E-002
  0.410872682318073     
  0.271039082869865     
 -0.220946021387650     
 -0.113912276287143     
 -0.142453165773244     
  2.891457003548789E-002
 -4.381984403850431E-002
 -0.307887531940536     
 -0.383882966052444     
  0.249314617361565     
  0.325908339686658     
 -0.259030490093998     
 -0.389225875447883     
  8.418503231298627E-002
 -2.868322471720152E-002
  0.335620368699932     
  0.465368242347630     
 -0.158889264761028     
 -0.376707490046343     
 -0.156761005341488     
  0.298104949652035     
 -0.390768463484032     
 -0.538192490658996     
 -1.871783620621740E-002
 -2.568816217727283E-002
 -3.105247196147521E-002
  0.368611823225177     
 -0.514798943230464     
  0.249084382886625     
  0.530458914089450     
 -0.578083275552234     
 -0.390398044153306     
 -4.138203345827141E-002
  3.801712477779519E-002
  0.233951537580795     
 -0.227997417482034     
  9.113759967878741E-002
  0.501826216220966     
  0.126304446460812     
  0.452375375398326     
  0.238288793677840     
   1.18258757461243     
  0.801006458139516     
  0.399759788355029     
  0.375985485575434     
 -0.483157306826671     
 -6.326689659509592E-002
 -0.127880981235867     
  2.315911266577927E-002
 -0.151861570304530     
  0.187551427830963     
  0.105217284128148     
 -0.125235413988256     
 -0.223642107850394     
 -7.401854276665580E-002
  0.345562190073692     
 -9.330487000886209E-002
 -0.390728794600409     
  0.523224213651386     
  3.059505638915837E-002
 -0.290140492714045     
 -0.165869887275378     
  9.115478838385752E-002
  0.336810435672813     
  -1.14780167491078     
  0.254882645343793     
 -0.751490936344221     
  0.264333095365321     
 -0.186657683967832     
  0.323494499702484     
 -7.756529690612188E-002
  0.303740622010426     
  0.408014759745146     
  0.185155731962633     
 -0.287769520092263     
  0.110069108009844     
  0.202936977800163     
 -6.335994236605251E-002
  0.381937278617326     
  0.489153474283164     
  0.242278494696101     
 -0.263767782252664     
  0.165438507984948     
  0.593968873870664     
 -0.257002245930009     
 -0.555275889996616     
  0.168415486299321     
 -0.500743688621955     
  0.130995780213240     
 -0.264423019534244     
 -0.576159522364348     
  0.175997752989062     
  0.617846522134115     
 -0.311868644696492     
  0.270674980528686     
 -0.313350420812443     
  0.359658446597294     
 -0.260656042898022     
  0.477849243993611     
  0.283670720069047     
  0.343535998138902     
 -0.356324317879310     
 -6.917517234510151E-003
  0.128803746688641     
   1.53481615604111     
  0.372332594471797     
  -1.20340927334157     
  0.519773774935580     
 -0.419897618916757     
  0.312397320524897     
 -0.165251256772945     
  0.325561728455433     
 -0.360499643941796     
  0.170793261840399     
  0.574657907965855     
 -0.370423564826322     
 -0.489958041919843     
 -0.101513718339428     
 -0.533518336175848     
 -3.640007214103513E-002
 -0.302758035062343     
 -0.351835818742521     
 -0.165968689626853     
 -9.165178384123221E-003
  0.271621241831427     
 -0.430602464740306     
  9.618018675361723E-002
 -0.823042542899183     
  0.196304135045468     
 -0.448859499635193     
  0.453162896648886     
 -3.072891730320086E-002
  0.556204496816932     
 -0.372352811277905     
 -0.325345653808344     
  0.260056160916633     
  0.427121206557312     
 -9.863702372233506E-002
  0.344356467065782     
  0.447834073926856     
 -0.290876637441735     
 -0.165243587461922     
  0.254873485404278     
 -0.377608683357745     
 -0.168150916563525     
  0.192947881725522     
 -0.480291422197522     
  0.585061683938978     
 -7.649473543518413E-002
  0.138017231622495     
 -0.126595151558692     
  2.578427354880216E-002
 -0.421054381308433     
 -0.393296384707854     
 -0.269323481905165     
  0.300979114812073     
  0.108232701124183     
 -0.284413942489802     
  0.396734399086132     
  0.178983058525470     
  0.411163903581771     
  0.128057994038114     
  0.200320292570797     
 -9.736890790742235E-003
 -0.255491647367626     
  0.704483426266914     
 -0.207224557354241     
   1.13817139293895     
  0.349321345805813     
  -1.11932910798705     
  0.183208523659609     
  0.129956090869505     
  0.246978766478492     
 -0.774616269687002     
  8.921732938262725E-002
  6.207951717734921E-002
  0.517154625045050     
  0.269640522402464     
 -0.382721911246878     
  0.112692343319911     
  0.412692387359214     
  0.337527320008934     
  0.125894615992418     
 -8.877871299187527E-002
  0.234425647020286     
  0.180549118697285     
 -0.171003827246150     
  0.148034701504888     
 -0.294683179611737     
  0.370068409274203     
 -8.313504823873739E-002
  2.380509419227832E-002
  0.321635684739921     
  0.145250628741417     
 -0.591241217508768     
 -0.212976898662613     
 -0.254289866407949     
 -0.331269160330351     
  0.421758915259116     
 -0.490360280563758     
 -0.133906144584670     
  0.105037644838182     
 -0.272670087913319     
  0.130697386138099     
 -0.279035525942407     
  0.444280542030574     
  0.161301608294755     
 -0.106791382917774     
 -0.531030941036175     
  0.170693941804443     
  0.401804996133259     
 -0.246629063215172     
  0.152732408300784     
  0.276889315280148     
  0.232037250422790     
 -0.302654643356604     
 -0.186663862107244     
  -1.15165044778502     
 -0.302513612711982     
 -0.443591837073801     
 -0.246176554619538     
  0.374358741782064     
  0.167121469494872     
  0.405903721257569     
  0.378541885266369     
 -8.411749796600315E-002
 -0.318800651866431     
 -7.971488561504489E-002
  0.372631227652441     
 -0.489063636602048     
  0.120473694512036     
  3.802040036495824E-002
  -1.37651204775993     
  5.595717755871757E-002
   2.21696757384139     
 -0.180772269258046     
 -0.533837233351322     
 -0.927898112421637     
 -0.219638180477390     
 -4.020501454054295E-002
  0.141384491489168     
 -0.193076658224270     
  0.240581760734446     
 -0.548599185493601     
 -2.334196150395276E-002
 -0.109166401289461     
 -0.429822970205949     
  0.216958748014902     
  0.148331457448549     
 -6.984551100776307E-002
  1.461304160756358E-002
 -0.264822482741360     
  0.699997017822398     
 -0.599994932334788     
 -0.186268347582597     
   1.43156551678758     
  0.277196488581555     
  -2.00987611244031     
   1.35565859594086     
  0.183793837407075     
 -0.128231864951367     
 -4.567575787475237E-002
 -4.847282083088261E-002
  0.202271378874517     
  0.110547948442829     
  0.432958307555980     
 -0.243564385625373     
  0.399090775035642     
  0.464090775608201     
  0.614572111797733     
 -0.534997913122721     
 -0.123755039142144     
 -0.209095774668401     
   1.04297633640068     
 -0.573983941749234     
  0.312325888040447     
   1.67949277856351     
  0.351586387070570     
  -1.08815626736619     
  0.104523843828578     
  -1.01878892762306     
 -0.272865250189437     
 -0.263104774108692     
 -0.393978937576891     
 -2.164194122368764E-002
 -0.496790816958442     
  1.495254490496755E-002
  0.470785008563397     
 -0.134387682356832     
  0.170994413525024     
 -2.592611330495647E-002
  0.324811508074233     
  0.111187900658090     
  0.483137953088045     
  0.206746791732567     
  -1.43273790040485     
   1.08178534686344     
   4.37564147340942     
  -1.39430329917311     
   1.82904982937586     
   2.67956993230782     
 -0.289498643300505     
  9.712724534530415E-002
  0.371527008324497     
 -0.180437252572006     
 -0.233602467550789     
 -0.365134717867826     
 -0.359237214921533     
  0.463057939861776     
  5.658507012780736E-002
  0.438949095052411     
 -0.379195815203941     
  0.677158323442813     
  0.184846677415585     
 -5.674664062494014E-002
  0.968737622832740     
 -0.271213237378985     
 -0.969014128601954     
  -2.18382463995750     
 -8.185164362524713E-002
  -4.24677113229818     
  -1.29950916537247     
  0.629993549268813     
   1.02692311973762     
 -0.232505619912048     
 -0.285520437865459     
 -2.524424217486151E-002
  0.349699522156862     
  0.424735070412914     
 -0.406290139407076     
  0.295055726032805     
 -0.338480226370340     
  0.483751702761696     
 -0.147851097822589     
 -0.269347288517411     
 -2.195348208802822E-002
  0.914939356668625     
 -0.275662898724642     
   2.52394588515808     
   4.66957738012692     
  0.838662125945464     
  0.994428756078663     
 -0.243019464301943     
  -1.98409492129966     
 -0.753656844382098     
 -1.316782713083846E-002
 -0.374067308418242     
  0.381348484793015     
 -0.476451861772906     
 -0.170950703836229     
 -0.105519769893682     
  8.239810032788794E-002
  0.358462906800507     
  5.552371566217696E-002
 -0.212160216251719     
 -0.195456833292298     
 -0.377617562195544     
  0.210465307303378     
 -0.947473943738828     
 -4.443607625619946E-002
   1.46250248171179     
 -0.219019316887453     
 -0.352076995913861     
   1.06246466852697     
  -1.35636316848885     
  0.498173853495492     
  0.807212129242094     
 -0.413976833001990     
 -6.775999254439126E-002
 -0.416823454811362     
  0.388134730078130     
  0.102675115802258     
 -0.452984298455840     
  0.460685486674247     
 -0.579615208226050     
  0.478588247916108     
 -0.108313474822858     
  0.564785532121635     
 -0.447213280940635     
  0.379575159015896     
 -0.599402340620036     
 -2.218954707957457E-002
 -5.410203101646823E-002
 -3.339945170141071E-002
  -1.38828360608783     
 -0.533447899108863     
 -0.568278020218305     
 -0.775797161426267     
 -0.361842641327985     
 -0.220730329210690     
 -0.351155216970523     
 -0.187926891207536     
  0.257173054191239     
  0.304200614658204     
  2.383662262057919E-002
 -0.196782906635645     
 -2.605411461838832E-002
 -2.106162451735607E-002
  2.510923309180204E-002
  0.819234946293056     
  -1.32536049363893     
  0.371242469341307     
   1.95831609879189     
 -0.110590305040423     
  0.168430503024606     
  -1.80532566764709     
  -1.28625041456882     
  0.197708318413126     
 -0.278793660629787     
 -7.589865478996215E-002
 -0.155681573681384     
  0.476855161044731     
  0.110744126932482     
 -5.126635882366939E-002
  0.256160321665548     
 -0.491549074565359     
  0.162182970324537     
  0.605768125413839     
  0.377015067877647     
 -0.278843361322437     
 -0.273025342626584     
 -4.489742221516226E-003
  0.262952287774301     
 -3.545064122127690E-002
 -0.215215658750725     
  2.957624732197639E-002
 -0.349045612005540     
 -0.695313149679728     
  0.570191562528107     
  0.338628227651596     
 -2.829987990415345E-002
  0.403257391130290     
  0.217715999272698     
 -0.582648152778366     
  0.340312271008206     
  0.225106184427823     
 -0.372885254892459     
  0.272698516304753     
  0.237211097995689     
  0.480100197309863     
  0.127033036314679     
  0.255988513818601     
  0.394164321074834     
  0.398539815284886     
  0.407125688160535     
 -0.156186972416581     
  0.255937636867282     
 -4.208645683318239E-002
 -0.785186576024138     
 -0.414470359080438     
 -0.653820392327407     
  0.207036885652786     
 -0.168763327338644     
 -0.515489879182226     
  0.541413720452856     
 -0.242216829485015     
  0.547041510843928     
 -0.138915520169822     
  1.915628102837164E-002
 -0.408675145902329     
 -0.484525034226588     
  0.315490240313663     
  0.708739485357979     
 -0.788413105657223     
  0.840329432708066     
  0.554920020299139     
 -0.432899957483999     
  0.519297210594932     
 -0.563347142713381     
 -0.418726800299594     
  0.391078430522088     
 -0.215441056162437     
  0.449875617920648     
 -0.438614890667896     
 -0.193283535803599     
 -0.206988778948870     
 -0.364984592712658     
  5.546783347752302E-002
 -4.614642622383715E-002
 -0.344935174313428     
 -0.213966980889174     
  0.501721615967512     
 -0.232481448534580     
  0.322962376582251     
  0.755415363326706     
  0.710920741342058     
 -0.573019457656490     
 -0.148665968103248     
 -0.420632433310530     
  6.808425146464910E-002
  -1.02231955384234     
  0.398496456171388     
  0.976929261579173     
 -0.206387241130897     
 -0.523508181844775     
 -0.237587635327305     
 -7.492471459559256E-002
 -0.469032926384791     
  3.526678861792608E-002
 -0.149821688103147     
 -0.549967241074610     
  0.128553023746811     
 -0.169734006458245     
  0.282813332748445     
  0.278426193236203     
  0.173076099708043     
  4.256155300491703E-002
 -3.647599026594174E-002
 -0.357237727033869     
 -0.174468719477880     
 -0.420382234658257     
 -0.192581420140649     
  9.045638981806690E-002
 -0.501443630539041     
  0.287150961296739     
  0.336331087342088     
 -0.350265444866993     
 -0.557426816478891     
 -0.466865644675921     
  0.115973655316587     
 -0.294472174167760     
 -0.178692097581746     
  0.367839644281978     
 -1.303663689471715E-003
 -0.277425739238121     
  0.835027814092279     
 -0.124682471892241     
 -0.151816120668272     
 -0.492665774705383     
 -0.426292152366272     
 -0.278531285089369     
 -0.398945869332228     
  0.375826068521476     
  0.416783285512185     
 -0.737405511565070     
  0.198711124493142     
  0.528095495761255     
 -0.225375245225018     
 -5.462106974811135E-002
  0.360922692088772     
  0.304939632447049     
  0.329889286216333     
  0.390024278512750     
  0.424657497606925     
  0.128999008472594     
  0.528328443541803     
 -0.544933409115701     
  0.105146435230702     
  0.775400637872316     
 -0.438366639803630     
 -0.171940043298703     
  1.450301691702107E-002
 -0.328017299374581     
 -0.430050992207596     
   1.42978784032502     
  0.430540986081037     
 -0.134107565321348     
  0.496134197632547     
  0.487958814978095     
 -0.232229463256330     
  8.524851355405874E-002
 -0.251972360175847     
 -0.218821083981482     
  0.328017003559519     
 -0.417313546052309     
  0.204191742574768     
  0.296361213338016     
 -0.337050487111889     
  8.730413379308301E-002
 -0.286666775763960     
 -0.961803451173536     
 -9.781199344184696E-002
 -0.262648865479769     
 -0.146549035806129     
 -0.696327883053183     
 -0.299319901176462     
 -0.416701710820752     
  0.403984468188260     
  0.303235551070099     
 -0.683965876631963     
  0.245751032136901     
  0.207136705799428     
  0.304363275787665     
 -4.161882203872691E-002
  0.104808975698558     
  0.247241685539254     
 -3.226411074488510E-002
 -0.441603265144115     
  0.386283394391804     
 -7.056225159128368E-002
 -0.367126957936875     
 -0.756122417058744     
 -0.188446942882312     
 -0.207828064072352     
 -0.308156412697976     
  0.531373465034012     
  0.523757580926181     
 -0.207661988593416     
 -2.559359507798130E-002
 -0.351708594265066     
 -0.421653290691353     
 -0.124933003499160     
 -0.123926996272132     
 -0.152536438556068     
 -0.209095752614085     
  3.094204046295358E-002
  0.406253300026971     
 -0.480128063294939     
 -0.102471243905594     
  3.216999705137708E-002
  0.683843382577002     
  0.415085571727426     
 -0.517357883348755     
 -0.440435831868083     
  0.104304469238266     
 -0.717521902117313     
  0.121833744521637     
  0.492931599815612     
 -5.994904469494183E-002
 -0.298063020675144     
  0.434811853009943     
 -0.132670979863261     
  0.460677711633418     
  0.491805827467459     
 -0.367586903312654     
 -0.317951240642333     
  0.206437386230383     
  0.557531677277005     
 -0.523987741434679     
  3.087282569053709E-002
  9.468854366600955E-002
  0.416563988136851     
  2.808466005332512E-002
  -1.22676293032488     
 -9.616716654657122E-002
 -0.147559416169284     
  0.189951143209551     
 -9.692853578799138E-002
  5.849980581077442E-002
 -0.825084498953200     
 -0.417120290642087     
 -9.195429556470349E-004
 -0.138766360850805     
 -6.968479913156438E-002
 -7.553276029547480E-003
 -0.165820755139204     
 -0.394213836037787     
 -0.401772967563438     
  0.281665493819972     
  4.076097372548868E-002
  1.113914592340762E-002
  0.273049823746976     
 -0.440694447337610     
  0.214405076840246     
 -0.385473852811147     
 -0.185661180328278     
  8.030967801592502E-002
 -8.258916233337120E-002
  5.317853022325700E-002
  0.132672950138840     
 -0.905801866246969     
  0.520473022446256     
 -0.270497065350379     
 -0.155758484014569     
  0.102597175657037     
 -0.548416699336276     
 -0.439291322259014     
  0.153119406661781     
 -0.106801030320069     
 -0.231184243499616     
  0.295019323320095     
  0.113388744866673     
  4.496390675244826E-002
  0.531455320402706     
 -9.637331742848615E-002
 -7.679876906434653E-002
 -8.056343100577530E-002
 -0.235464839578818     
 -0.171249316000183     
 -0.218230023296447     
 -0.124449011244826     
 -0.118499768716699     
 -0.369205957775782     
  0.407594914505714     
  3.079573355414414E-004
  0.383187226635605     
 -2.768170427796806E-002
 -2.892452312188851E-002
  0.157901882317841     
 -0.379409932215989     
 -5.889864549809695E-002
  0.126142941139148     
  0.257588405974075     
  0.337431026046661     
  0.522477203502331     
 -6.150262515083296E-002
 -0.907217976162331     
  0.236784041703576     
  0.109482555989480     
  0.181881307735263     
 -3.855048430985338E-002
 -8.269806278519781E-002
 -0.471457697777940     
 -1.926570048073128E-002
 -0.656282751662454     
 -0.280715525379841     
 -0.499632926768064     
 -4.699376067217820E-002
  0.354592143291738     
 -0.192947523053469     
 -0.205921393731002     
 -0.268503584464014     
  0.255182832963379     
 -0.519545765540219     
 -1.569111500214508E-002
 -0.190584027592204     
  0.237936365771123     
 -0.411233691096976     
 -0.108232223270798     
  0.334026500903158     
 -0.266138023905678     
 -0.308819241273973     
 -0.167959734320255     
  -1.00168335062257     
 -4.377223382145728E-002
 -5.249016282394751E-002
 -0.435890439205216     
  6.524423981766427E-002
 -0.471473194563828     
 -0.416043138990370     
 -0.134657187407825     
  3.099873187581923E-002
  7.265838956928260E-002
  0.373474305287728     
  0.675681966811768     
 -1.842086034868867E-002
 -0.276362731949495     
  0.355913549628170     
 -0.533202146497571     
 -6.309430912984224E-002
  0.649880534462796     
 -0.221601289285060     
  0.164092150791359     
 -0.123734669052365     
 -0.108560445366506     
 -4.596697483425204E-003
  0.520068738952101     
 -0.186237541349519     
  0.104158619206587     
  0.207600696203192     
 -0.510910088468814     
 -0.278203656455064     
  0.111340120202447     
  0.433429070897530     
  6.268957175360369E-002
 -0.527368888814366     
  0.214764005128577     
  0.150468547928282     
  0.382690807378303     
  0.341409738385587     
  0.235440625616972     
  0.452473730444722     
  5.852703804360191E-002
 -0.712348682901770     
 -0.316585376523895     
 -0.573828216650302     
 -0.219476424073871     
 -0.880876779395197     
 -0.197027009749826     
 -0.511321802020356     
  0.222256649655650     
  0.457188042548020     
 -0.285436167073683     
 -0.204125494852552     
 -0.316342262346782     
 -0.189919470380408     
 -0.291190898147163     
  0.537419812334278     
  0.187084944635923     
  0.209451611158207     
 -0.334292076227212     
 -1.981544033704435E-002
  0.463310585643993     
 -0.273693174215938     
 -0.241633026428240     
 -0.395152595674832     
 -0.659355139531837     
 -0.180119318665281     
  0.259009313399783     
  0.194048881260833     
 -0.325252003451813     
 -0.234196950262187     
 -3.602421287261687E-002
  2.887147471385030E-003
  0.419440984986234     
 -0.130239628166579     
  0.383941422584057     
 -0.285213551670030     
  0.226873833640510     
  2.059546066653641E-002
  0.237341409518189     
 -1.708477305038091E-002
  0.190029409027755     
  0.149988930403400     
  6.675136821414599E-003
  0.451786005350695     
  0.239827774767009     
  7.430575288777090E-002
  0.424338039399644     
 -0.207697353134520     
 -0.824881143153735     
  0.164878553485121     
 -0.156318979830870     
  0.363760002170418     
  0.124086453399492     
 -0.183593156631866     
 -0.194605737709294     
  0.104312501868486     
  0.312454222934915     
  0.249448644871871     
  0.626603433703599     
  0.174441094864205     
 -0.449339268050538     
 -7.291795776936352E-002
  0.667093956000308     
 -0.221131404152787     
 -0.139458089595593     
 -0.430060434883316     
 -0.701885029755801     
 -0.333789272351605     
  4.057814566663567E-002
  0.172810241406427     
 -0.321028095409952     
 -1.872944461703762E-002
 -0.517151670500141     
 -0.466864542961784     
  0.316920781105076     
  0.163951962739676     
  0.433904740745049     
 -0.328764190590152     
  0.198035735072937     
 -0.196742669770133     
  0.482675566812118     
 -0.621227206053546     
  1.706625581042247E-002
  0.380443626164946     
  0.546509361841405     
 -0.443663405543766     
  0.268157872192640     
 -0.715989363540656     
 -0.252076565481738     
  9.288492398141894E-002
 -0.606127936051109     
  0.258390902246870     
  0.497729592545178     
  0.384638518328458     
 -4.968382530658056E-002
  4.396412620082233E-002
 -6.437206441074635E-002
  0.166500525417806     
  0.536461249851991     
  9.728909398039552E-002
  1.225186654885694E-002
  0.516337205692826     
 -0.282665765134669     
 -9.703439473347723E-002
  0.222477777096113     
 -0.707560117120572     
 -0.153830074996244     
  0.600435401191888     
  2.427712367712044E-003
 -0.382770971455113     
 -0.416461133965425     
 -0.352871866772947     
 -0.115967166892891     
 -0.226939388933369     
 -1.341114521773068E-002
 -1.406414584161154E-002
  0.273799178765585     
 -0.125500251173491     
 -0.421609210475004     
 -0.281153236766641     
  8.990314911775507E-002
 -0.191313680357072     
 -4.103911908583322E-002
 -0.763275136444338     
  0.266655019260789     
  0.454364358211721     
  0.354935194704103     
  0.355024524346085     
 -9.548667095133932E-002
 -0.503906545077189     
 -0.269593570141396     
  0.303816703680021     
 -0.418549590005468     
  0.353608668373128     
  0.362710340091578     
 -6.438600213016842E-002
 -0.390835382175512     
  0.141569427154119     
  0.104973136091171     
 -0.137332602570930     
  0.227999513023635     
  0.569129320904231     
 -0.500176494543805     
 -1.878782459545995E-002
 -0.355413733898469     
  5.116164279006004E-002
  0.366090735541823     
 -0.134312434579268     
  0.326531290598094     
  0.200243675936427     
  0.246841301037943     
  0.471607423557954     
  0.553969491102453     
  0.169193772691019     
  0.258190437122689     
 -0.332198475573581     
  0.471021287352135     
  0.457826004337107     
  8.948706576268015E-002
 -0.376995302737255     
 -0.253168294625533     
 -0.469238240854045     
  4.525642461210964E-002
  0.741648696239076     
  0.104680066077285     
 -0.859501801406367     
 -0.287726434097604     
   1.43297265090680     
 -0.566384046844943     
 -0.116850212111617     
  0.172167035928186     
  0.765469190496147     
 -0.344167346827435     
 -3.519114724039015E-002
 -0.468592480522373     
 -0.434853769651879     
  0.348956656817346     
 -0.447458974810623     
  0.447819108618065     
  8.200301191081573E-002
 -7.961809861491828E-002
 -0.321769929933547     
  0.541109246654066     
 -0.278800894678371     
  0.218263155251044     
 -0.248656152455418     
 -0.841504911056133     
  5.255937818340915E-002
  0.324310680145032     
  0.787335079518235     
 -0.198475817853224     
 -0.315073972245992     
  0.137981895913124     
  0.532745106371312     
  0.377200351806320     
  0.369604769530269     
 -0.177005931757176     
 -0.370334780496644     
 -0.203313146196089     
 -0.308984497230756     
 -5.829621591373459E-002
  0.465788590542415     
 -9.543766326876128E-002
 -9.620397094764916E-003
  8.678415556945037E-004
 -0.718017507882612     
  0.356707104113360     
 -0.553882689487976     
 -1.258851881504167E-002
  0.573682185307642     
 -0.444652163225521     
 -5.828233044536878E-002
 -0.395691580091229     
 -7.242088446340784E-002
 -0.118695429216654     
  3.874481073344120E-002
  0.148241478386858     
 -0.251633576882533     
 -0.390343720780192     
  0.107313015338248     
 -0.492735666414310     
   1.02700586748043     
 -0.595274694058497     
  -1.13336927966504     
  -1.62094782474993     
  -2.64534708374189     
   1.71904993501774     
   3.61783095253141     
  -3.10960242568133     
  0.702434548934668     
   10.0598255452430     
   2.97691874864660     
   4.21433212447115     
  -1.11718026250256     
  0.128807217614305     
  9.787779403013894E-002
  9.298846496993986E-002
  0.746365336033867     
 -0.358029439606712     
 -0.316259812751379     
 -0.311407907345007     
  0.167395696022581     
  0.419797314355508     
 -0.466076912887932     
 -0.354657920150343     
  0.264408810456397     
 -8.073978890357225E-002
  6.577884818237845E-003
 -0.445236122910923     
 -8.349034573887859E-002
 -0.222032217081622     
  0.304666715816593     
 -0.466104223921631     
  0.186325506661782     
 -0.426865765642122     
 -0.332886520087788     
  0.176340569458224     
 -0.243710352641646     
 -3.976848954082707E-002
 -0.388773191723641     
 -0.110977598702727     
 -0.200306549147092     
  0.447978569323826     
  0.176289436125087     
 -0.103108312470921     
  5.879108272314160E-002
  0.102007201441352     
  0.435336134896531     
 -0.305112301501411     
 -2.235373160416021E-002
  0.301072152113754     
  0.120061804510702     
 -0.120941018630152     
  0.344489723815186     
 -0.160788853825211     
 -0.378096337281135     
  0.334920351114132     
  6.759361398480990E-003
 -0.395159149358502     
 -0.439770756659304     
 -0.227077012972044     
 -0.483220317893252     
