 -0.470412074282800     
  0.561978138467769     
  0.218603431254851     
  0.808806112558105     
 -0.794690186643202     
 -0.723795919563426     
  0.288122979495586     
 -0.294975971690922     
 -0.325030725517206     
 -0.164760922308556     
  -1.23115796563883     
  0.384681487882527     
  0.705639714640967     
 -0.211719465975511     
 -9.821056973966547E-002
  0.314587163233519     
  6.355862803305395E-002
 -2.718926957255741E-002
 -0.441249673720262     
  0.493626155517755     
 -0.475991749724855     
 -0.312702807519372     
 -0.445882196993800     
 -0.392356407621276     
 -0.701020567304196     
  0.835224338186844     
  0.873880185073296     
  0.297887210040198     
  0.557427178709889     
 -0.215339557997543     
 -0.744976798632088     
 -0.571554737412327     
 -0.530844570969740     
  0.525829730254400     
  0.131917230379356     
 -0.599186593323722     
  5.961104527864994E-002
  0.405374284869829     
  0.509685197703599     
 -0.383503692222848     
 -1.359483839324573E-002
 -6.339126808925205E-002
 -0.323668578203360     
 -0.253808326623161     
 -1.987783269336570E-002
  0.455836302944003     
 -0.555684394067327     
 -0.728629001358863     
  0.227687857757442     
 -0.189054556186898     
  8.959424466704023E-002
 -0.467515764790143     
 -0.150433302500372     
 -0.390615164819745     
 -0.245321488289937     
  0.365670559883191     
 -0.783306185548200     
 -0.225727497998264     
 -0.209058206509839     
  0.401581186809969     
  8.331255742346665E-002
  0.310841074541317     
 -0.186429313722172     
  9.238266228390327E-002
 -0.250255542426874     
 -0.335929784577969     
  0.398302791597542     
 -0.186410069136917     
  1.529452427183211E-002
 -5.006894908766143E-002
 -0.201325498957101     
 -5.793610321765491E-002
 -0.305714877910904     
 -0.520126730747884     
 -0.700678090716236     
  0.230100332834986     
 -0.591556891412651     
 -0.492656832956767     
 -0.163589056461596     
 -0.344020685895825     
  4.066932650455813E-002
  9.012076121856007E-002
 -0.476045151357494     
  0.275898956343873     
  0.446035305348026     
  0.184017184600626     
  0.556247684649124     
 -0.612081466307040     
 -0.352722339073432     
  0.125792873044628     
  4.792964337484710E-002
  0.440675366035091     
 -0.229608526849460     
 -0.542555093529367     
 -0.639871250105964     
 -0.313341700817078     
  0.208944176635228     
 -0.420143979143824     
  0.165780173391005     
  3.441957125222651E-002
  4.099106654059802E-002
 -0.500676248176429     
 -0.209513311664493     
 -3.024607033252360E-002
  0.339090661596288     
  7.211814497885138E-002
  0.587346805826002     
  0.427698351276400     
 -9.894287489378856E-002
 -0.331874867863977     
 -0.470424905976403     
 -0.436129904785610     
  0.296262983153006     
 -0.253328849182358     
  0.221425915416814     
 -0.375614208188046     
 -7.713223069968839E-002
  0.259822743006177     
  2.534427120472692E-002
  0.330157930614759     
 -0.463865343395995     
  0.111473214530069     
 -6.866679473676036E-002
 -0.151110463167051     
 -5.477465627037718E-002
 -9.301330975454296E-002
 -0.287317720016089     
 -0.228006735729661     
 -0.668974309368651     
  0.516248371907545     
  0.139111185568209     
  0.205450352754468     
 -8.927349838225386E-002
  0.640971411933665     
 -5.539427426964946E-002
  6.528913939961815E-002
 -0.275982663835824     
 -0.694248584982034     
  0.288330901018426     
  0.309764989355670     
  0.543925606425565     
 -0.249914151373823     
  0.267309944106772     
  0.523083884072441     
 -0.217863938249670     
  0.458366052981624     
 -0.311590750245375     
  6.809943931132570E-002
  0.157353378642118     
   1.07979783136331     
 -0.392867072191206     
  0.437224720612919     
 -0.344252101948949     
  0.194497725538844     
 -4.134478318345143E-002
  0.401059238937479     
 -0.308935164571645     
 -0.703298599322298     
  0.138973297731023     
 -0.319039073148394     
 -0.690288377739501     
 -0.609218802362565     
  0.247558288441920     
  0.470860492232619     
  0.134267996580587     
  1.517863244292840E-002
  0.533875955081025     
  7.041957444924815E-002
 -0.505646992077888     
  0.208067431420982     
  0.500288710891250     
  0.133453710128956     
  0.215257442361397     
 -6.183071708269110E-002
 -3.903404549698383E-004
  0.626757241802258     
 -0.239623368241379     
 -0.690601373659981     
 -0.723536513595246     
  0.297346872615139     
  0.320558200923658     
 -3.927345595332898E-002
 -0.203058434853736     
  0.180957895503834     
  0.139096524607839     
 -2.904662735274688E-002
  0.443348140816666     
 -0.530531312233823     
 -0.300692783099084     
 -0.211515142912686     
 -0.451684266721221     
  2.763774966637814E-002
 -0.362256594635314     
 -0.553026427988758     
  0.795672284999988     
  8.373436524299362E-002
  0.710870409329292     
 -4.466156253039945E-002
 -0.736093073712572     
 -0.227498386935277     
 -0.130889782010631     
  7.995303791060639E-002
 -0.306142183235818     
 -0.490520172342416     
  0.400103178068115     
  0.265171590626034     
 -0.253556471891953     
  0.177529201550003     
  0.324273808574021     
  4.514039427817795E-002
  0.131831453597673     
  0.259017073107453     
  0.810339137756510     
   1.82223382328756     
  0.151016173138921     
 -0.506996693040484     
  0.371167861399531     
  -1.33468376076369     
 -0.544583521475902     
 -0.278234635820623     
 -0.585242431095958     
  8.223797882658172E-002
 -0.436507619977609     
  2.491532345887468E-002
 -7.545759640495399E-002
  6.172515075865766E-002
  0.356022321749348     
  4.233970168406134E-002
  7.610935150736224E-002
 -0.453045494737458     
  0.277266611015850     
 -0.317817230198843     
  0.247445250530082     
  0.170676982523023     
 -0.233575555305748     
 -0.111331174290663     
  0.552306717133132     
  0.233740047474054     
 -0.162276115428221     
 -0.174649544425752     
 -0.812193747551251     
 -0.693328032703662     
 -0.742071937103412     
  0.132684001362775     
 -0.553927216741249     
 -8.367775737950635E-002
  0.201520557521139     
  0.435516645878157     
 -0.565339146158963     
 -0.437606627363604     
 -0.120492734659630     
 -0.269496571605752     
  0.386346276799659     
  0.173905436095069     
 -8.382103343465591E-002
 -0.299710086192295     
  -1.25614040666736     
  0.286493788766580     
 -0.374690067790550     
  0.165456115935676     
 -0.201377733318647     
 -0.166814908758020     
 -0.265783403430612     
  5.609920423511554E-002
  0.368296708610218     
 -0.293989316450780     
  0.125540414656876     
 -0.118347776189090     
 -0.134371881383657     
 -0.434669285165654     
  0.296600916214832     
  0.387598778822892     
 -0.450156532151420     
  0.257388688997977     
 -5.682621694564709E-002
  0.792564728817067     
   1.43091950026680     
  0.509302730551774     
  6.087872801183460E-002
 -0.199396998124015     
  0.134614937677452     
 -0.347175843485509     
 -0.273164313451999     
 -0.175946859928625     
 -0.611680244633517     
  0.587915879272190     
 -1.944224385447339E-002
 -0.496090783340439     
 -0.341692778109948     
 -0.426292603718355     
 -0.159361211922347     
  0.124092550780647     
 -7.103437814000491E-002
  0.326677871171345     
 -0.326584609811628     
 -0.378873382898745     
  0.455691027243728     
  0.113325305149800     
 -0.720178352429421     
  0.378343784457275     
 -0.543339714484143     
  6.988625516329602E-003
 -0.134022813885172     
 -0.461023689008934     
 -0.150300160285973     
 -0.308788326595853     
  0.497385034679840     
 -0.849673666674077     
  0.468217169982843     
 -5.436220344772827E-002
  0.598421325827847     
 -0.139604090869328     
 -0.303504345855146     
  0.395834692728081     
 -0.132760203809318     
 -7.598036989158390E-002
 -0.465627890066363     
  0.519141096121577     
  0.320710878132141     
  -1.36725601586444     
 -3.093984645566272E-002
 -0.144798980857194     
  4.154029207517730E-003
 -0.294255758577351     
  0.295617876674753     
  -1.00426020353904     
 -0.301449696325913     
  0.294742249705234     
 -0.155305195196736     
 -0.262028756175103     
 -0.387810408796366     
 -9.579073479343157E-002
 -0.212733094995175     
 -0.387220139325999     
 -0.352794524818246     
  6.935113120514100E-002
 -0.523078267712839     
  0.285477234677535     
  1.144709194700859E-002
  0.611860923375111     
  0.741451390514773     
  0.240307639401527     
 -0.132361540417014     
  0.157329558770622     
 -0.179964984595299     
 -5.935559365041605E-003
 -0.558900512020199     
 -0.316523598942511     
  8.381744948933029E-002
 -0.304257081357008     
 -0.629574747975337     
  0.415952466607503     
  2.778011766858039E-002
 -0.596892172882818     
 -9.322441403916250E-002
 -0.177576576741723     
  0.274849974543060     
 -0.317374504206830     
 -0.140212070078924     
  0.213770859927857     
 -0.899671192884754     
  0.136386707897181     
  0.603717674478285     
 -0.231673081126027     
 -0.100876608438646     
  8.898848740750778E-002
  1.027657819241009E-002
 -0.425213366077180     
  6.824228883007458E-002
  0.186588047649007     
 -0.510639133233720     
  0.270198779024561     
 -0.345230612271427     
  3.641690102176447E-002
 -0.209656421403057     
  0.229643492001060     
  5.284967488765439E-003
  7.494147506240728E-002
 -9.224273547329130E-003
  0.485574545135277     
 -0.114797171939234     
 -0.234711609903917     
 -0.818764068862639     
 -0.261806033236364     
  0.119528928836459     
  0.383285868689356     
 -0.171546253707920     
  0.322032871972485     
 -0.395038468277057     
  0.301428969817627     
  0.577428539152022     
 -0.150597149182179     
 -0.533782296466252     
  0.205979948327378     
 -0.377986067546517     
 -0.563101308669140     
 -0.523882848247544     
  0.384546702206601     
  2.493909570709622E-002
 -0.509072914278450     
  0.364021081288284     
 -0.529250958511824     
   1.04625879318741     
   1.09389148513613     
   1.30145396489053     
 -0.318028109485290     
   1.67897360069213     
 -0.259923312399672     
  7.584279300780930E-002
 -0.964151056122498     
 -0.252325281312659     
  0.514584285151300     
  7.349076908817917E-002
  0.398168263710363     
 -0.267828933720588     
 -0.195006248846135     
  0.436461540183156     
 -0.210716489147744     
  0.290018332647597     
 -0.429494461396909     
 -0.446806690644804     
 -0.210298486282249     
 -0.314123805848856     
  -1.05325833159107     
 -0.139028717650445     
  0.566727155419263     
  4.097299466358579E-003
  0.316661712592554     
 -0.208709993181399     
  9.214231411381278E-002
  -1.10063236751656     
  9.162189277679875E-002
  0.859843236749255     
  -1.28533703385264     
  0.145714315093931     
 -0.506174350265248     
 -0.104247394633814     
 -0.525058085136200     
 -6.352427033151419E-003
  0.107393318676294     
 -0.336108332193095     
 -0.473507282004413     
 -0.432351317088481     
  0.116151164933448     
  0.573849254398094     
 -2.973018587186541E-002
  -1.06798189414999     
  0.732245700515742     
   1.26139319559903     
  0.123243138392894     
  0.145160440190669     
 -0.244300650564315     
  0.139647454799794     
  0.394179180720527     
  0.861129473346997     
  -1.21048795051866     
  0.122067691923982     
 -6.029794706521022E-003
 -0.163403382830781     
  0.130090291894922     
  0.411220276797847     
 -0.511384429304701     
  0.101508619324526     
 -0.514525844863776     
 -0.201760968539761     
  0.838836016889673     
  0.549150184577789     
   1.33102007393595     
  0.400159997720692     
   1.25109241162806     
 -8.166064774790238E-002
 -0.246856181979192     
 -0.387453781344752     
  0.394884574414770     
  0.289966086864613     
 -0.217504775146502     
 -0.253230902461634     
 -0.332293654801544     
 -6.273023258935422E-003
  0.252563368504232     
  9.818113500266203E-002
  0.443386524940413     
 -0.448464058025252     
  6.225714979694750E-002
 -0.217934001051564     
  0.492644816325767     
 -0.293278084993419     
 -0.814152968662271     
   1.15427843509530     
 -0.170514753054572     
   1.15171964192066     
 -6.086870135918356E-002
 -6.581331395950506E-002
 -0.154322695848224     
  0.286967307902960     
  0.889386799907857     
  -1.87094360960292     
 -8.831431137797385E-002
 -0.229597800488015     
 -0.275613703357679     
 -0.514531517686675     
 -0.469337302861821     
  0.298718587114860     
  0.504241223492518     
 -1.630165275011442E-002
 -0.197910750087797     
  0.157149241887756     
 -0.173774895206221     
 -0.508630054584875     
 -0.377492329157815     
  0.209611892971656     
   2.42613563764950     
  0.656957446371742     
  0.302852640234718     
 -0.196051701802645     
  0.368631993156748     
  0.460561925472149     
   1.21110306031983     
  -1.64295132777733     
 -0.404189141567317     
  0.159796729762461     
 -0.259647023728895     
  0.484724126973617     
 -0.148178116437626     
  0.368657486658861     
 -0.103593551442666     
  0.496988516418299     
 -9.137031304514036E-003
 -7.417255580607328E-002
  0.933759024199172     
  0.800266872874886     
   1.00667688186703     
 -2.152803368981818E-002
  0.924225800356034     
  0.444035330544375     
 -0.615942209942585     
  0.206591410624378     
   1.17462336092645     
 -0.736632968377854     
 -0.610346651562772     
 -0.733477812137458     
  0.133492911680580     
  9.253562183292886E-002
 -0.333942170096168     
  0.448894321156305     
  4.699407123349233E-002
 -0.318439397559304     
 -0.487842232000131     
  0.536267703808928     
 -0.567027537839596     
  -1.03441125265095     
  6.928351809209513E-002
  0.621672840551543     
  0.777637493920467     
  0.967522194793948     
  0.365727189973703     
 -0.757867594378638     
  0.693553207826941     
   1.17807516382373     
  -1.95353398451630     
  0.293704788356860     
 -0.514718090298705     
  0.476220462023100     
 -0.275627715501724     
 -0.378776555352348     
  3.425019917250134E-002
 -0.351445009702553     
 -2.981763196817041E-002
 -0.525999890760675     
 -0.379364312687368     
 -0.314575237555311     
 -0.258489053280832     
 -0.409979359912629     
  0.498528731249310     
  0.738166699061799     
  0.477298316798206     
   1.20790100074029     
  0.625058526492043     
  0.392870005170304     
   2.58510181751431     
   3.69904460341967     
 -0.297186265942794     
 -0.407102769512447     
 -0.405878441571299     
 -0.529453221250651     
 -0.239662908058233     
 -0.488799231689807     
 -1.651232156667746E-002
  0.115736543134894     
  0.387373544804854     
  0.382974024465510     
  0.497813711386921     
 -0.401113996465951     
   1.71769602769793     
   1.23359562609923     
 -0.313605857709922     
   3.13696538838702     
  0.896000280523581     
  0.418623680668422     
 -0.512830437043889     
   1.28868944917928     
  -3.13109250531851     
  -1.22583021511159     
 -0.516149766320920     
 -0.152997974039051     
  0.243700112968181     
 -0.380416068411371     
 -0.331488598541499     
 -2.047624357263686E-002
 -4.222494457466719E-003
 -0.285479023366346     
  0.158952123826265     
 -0.922317064150433     
  -1.02905880537967     
  3.147018839935235E-003
  0.818371672578353     
   1.02918413255577     
   3.04888853451386     
 -7.950992052449821E-002
  0.783303278651144     
   1.26092974133705     
   1.12635621163622     
  -1.66072393978833     
   1.28131874755572     
  9.883251585805718E-002
 -0.289979700616243     
  8.537746181797316E-002
 -9.895558306054252E-002
 -0.356125678678129     
 -0.292261820214496     
  0.168852939961507     
  0.236076641884896     
  0.344411359893765     
 -2.045019777100070E-002
  0.573749411502480     
 -0.287699248737605     
  0.568184529814455     
   1.20210711403733     
  -6.25867982603085     
   4.80676382143348     
 -0.687000992542067     
   3.82268407804752     
   4.37615947366797     
   3.20303165130837     
   1.42878557976067     
 -0.900192009966939     
 -0.221698446273575     
  0.161443291838771     
  0.203193190925227     
  0.610684905493087     
 -0.347046673045040     
 -0.506066918921464     
  0.695341735995354     
  0.410751590237214     
  0.705971033833531     
 -0.454649725606269     
  0.758848613615034     
  0.474187064260363     
  0.269411495264805     
   4.45119439157994     
   2.58082503048541     
   2.54929042362320     
  -1.33480269345727     
  -6.26663838272018     
  -2.79816496185212     
 -0.552957455967820     
 -0.545490550239530     
 -0.505001228365959     
 -0.567096649298483     
  9.617469762943960E-002
  0.235422671556938     
 -8.003969709377570E-002
 -0.245058879404636     
 -0.303393090753759     
  0.476974950225116     
 -0.421949859819395     
 -0.333172311715373     
 -0.307944811176417     
 -0.141666995560894     
 -0.275680771378981     
   6.67797829903382     
  -5.41023463605614     
 -0.854453337554997     
   2.98109997520928     
   9.02880192741273     
  9.453383669738784E-002
  -1.22836873040898     
 -0.402291197802036     
 -0.404290136285392     
 -0.372039546603464     
 -8.253254684249270E-002
  0.371808518856701     
  0.289581099120425     
 -0.346256278602425     
  3.637326107132951E-002
  0.457283093856278     
  0.403071671328930     
 -0.581497238487531     
  0.115588416670881     
  0.330162498226518     
 -0.752648959077164     
  -1.83024004090904     
  0.698672050577792     
  0.655144882921284     
  0.941122490224681     
   2.25174215471566     
   1.62559971862740     
  -1.27108859589557     
 -0.530052217899969     
  0.383739754282505     
  2.000208243930576E-002
  0.363854850441971     
  0.523243937130662     
 -0.364025552351432     
  0.493329427497545     
  0.207847428290951     
 -0.227402095469206     
 -0.275642515467967     
 -0.142755366734585     
 -0.529588279523406     
  0.430573429220791     
  0.732961636733576     
   2.71605802124319     
  0.500760070277927     
  0.374705861299167     
  0.826304121117730     
 -0.736640634021295     
  -2.64227276826026     
  -2.68942915112759     
  6.606715785166818E-003
 -0.120345326328150     
 -0.134584967018617     
  0.536329256290617     
  7.285922659361593E-002
 -4.372660763708937E-002
  0.353867892832121     
 -0.496291329138935     
  0.270721869981756     
  0.160343758405775     
 -7.482110088416206E-002
  0.140183113263178     
  0.433400821642428     
   1.41125647982320     
   2.79286196665031     
 -4.742824582277868E-002
  0.350980763132842     
 -0.599620660044273     
   4.31856028971219     
  -1.00767465918066     
   1.88235848610537     
 -0.997529759595568     
 -0.312896191373263     
  0.469100107510085     
  0.311276366286114     
 -0.375728309131942     
 -0.335669110845447     
  4.258300718531267E-002
 -3.899754259372602E-002
  0.153791886840628     
 -0.281116781600338     
 -8.367603843414362E-002
  0.115816955556014     
  0.415911226441010     
  -1.37162434378242     
  1.687350083704035E-002
   1.00487879625462     
 -0.624693448435358     
  0.547019770384029     
  0.586336942656586     
 -0.440779475524385     
  -1.00704497453300     
 -0.121612157456390     
 -0.401057698158118     
  6.944028800784463E-002
  0.445471865546105     
 -0.369962703699479     
  6.482190797406463E-002
 -0.366576232529403     
 -0.528219910496096     
 -0.126537395460146     
 -0.109151500588997     
  0.294362456807366     
 -0.229197041383904     
  0.178686365128841     
   1.62291467865930     
  0.693210851346028     
  0.830278540954255     
  -1.36079678855469     
  0.717335464185806     
   2.46633517451928     
  -1.33834264892073     
  -1.25752318813142     
 -0.158102378527299     
  0.102216018899448     
 -3.838723384645100E-002
 -0.255019622313708     
 -8.211060548315595E-002
  0.439034022655856     
 -7.479224047675502E-002
 -0.231143996509410     
 -0.149200441544197     
 -0.206699263224496     
 -0.359783804455021     
 -0.403705663365112     
 -0.319938479499531     
  0.868393210323716     
  0.322251979625343     
  0.864588462938307     
  -1.04620720941726     
  0.107581827433796     
   2.52307890389363     
  -1.41938176977830     
   1.17843607325260     
 -0.660877613497167     
  0.503770329554509     
  2.953804296676112E-002
 -0.139321311771734     
  0.553534390902598     
 -7.115302295087884E-002
  0.253984286826712     
  0.375946523375235     
 -0.273274005994842     
  2.741241490064264E-003
 -0.151428888165466     
  0.572510618396941     
  0.502719903961383     
 -6.379102682118014E-002
  0.575029048542338     
  0.617866942151413     
 -0.329055471898076     
  1.418037080638370E-002
  8.332800397181699E-002
  6.501087417830552E-002
 -0.785909560661058     
  0.387049636630901     
  0.209402632789061     
 -0.574787588050278     
 -0.426884515734907     
  0.238920726744698     
  0.113949355952649     
 -0.140123426867539     
 -1.594246609766377E-002
 -0.269496229535775     
 -6.899761078269238E-002
 -4.109485530748348E-002
 -4.186147091475411E-002
  0.909050523514466     
  0.539720012020427     
  0.218475638049100     
  0.382764265009982     
 -0.639334236627154     
 -0.284484172576624     
   1.73893708765938     
 -0.397828020400778     
 -0.438973824016281     
 -0.229825391323867     
 -0.228411240695998     
  0.251252662153515     
 -0.575450112817024     
  0.329527697741994     
 -0.439691657590717     
 -0.151924383608935     
 -0.496462985589053     
 -3.784322229040310E-002
 -1.668604825619832E-002
  0.419606732532344     
  5.579582403226735E-002
 -0.534458991136228     
  0.215815796106724     
 -0.164654648923755     
  0.624223373529858     
 -6.495022946342491E-002
 -2.258824302073988E-002
   1.88660549897423     
 -0.545377640249852     
  0.416712950078446     
 -0.578824942874369     
 -9.120716799898507E-002
 -3.645972428281786E-002
 -0.139098263968685     
  0.482308381356858     
 -0.391002100970330     
  0.200716616799804     
 -0.519127660211600     
  0.114307724748786     
 -0.556976543889398     
  0.186006661762055     
  0.279344485479991     
  0.331908080584435     
 -0.255332587958643     
  0.317613980088083     
  0.367163288753606     
 -0.467228811063802     
  5.252110934782603E-002
  0.571524451334908     
  0.187166782969007     
 -0.506103709405689     
 -0.532911764043759     
  0.254109684502275     
 -0.489572335080183     
  2.467886019884313E-002
 -0.305381329076821     
 -0.349766669314301     
 -0.176463459770683     
  0.281567223854290     
 -0.247053872432385     
 -0.292607351998719     
  0.362427436354451     
 -0.366719458269048     
  0.117734819459050     
  0.142715238576650     
  3.478710132145076E-002
  0.587048636371842     
 -0.337166710278800     
 -7.793439702625431E-002
  0.237068938706771     
 -4.400627031495113E-002
 -0.359684528860841     
 -0.928093730285913     
 -0.160416035994895     
 -0.391413999149039     
 -0.136923941868065     
 -0.252465357236532     
  0.232405366421195     
  0.490088780540340     
  0.440717530704057     
  0.150343378061532     
  0.104302685916024     
 -0.254656610648073     
 -0.373563170661939     
  0.109208405937846     
  0.550227039242350     
  0.137429771828400     
  0.472969571837119     
 -0.321027329460027     
 -0.164262492625653     
  0.425870690178124     
 -0.278836989015902     
 -2.744026811881873E-002
 -0.393940292948764     
  0.182264887813580     
 -0.431752994071601     
 -5.705219454798462E-002
  0.365003470920150     
 -0.255782437659227     
 -0.127990246590294     
 -0.315718366849884     
  1.809070122580508E-002
 -2.742264652477783E-002
 -0.212411834219508     
  0.742660284448879     
 -0.380380525610449     
 -0.163160951476303     
  0.195085614084744     
  0.435189590044572     
 -3.220656570432086E-002
 -0.736675928644569     
  0.564202930525759     
  2.600082018033830E-002
  8.156647592365043E-002
 -0.645769233407069     
 -0.517012977696937     
  6.542046634926013E-002
  0.382689871892095     
 -0.271317539252071     
  0.132097237338870     
 -6.562944654298283E-002
 -0.244814155554013     
 -0.333185651575353     
 -0.296557473708709     
  7.323927840823517E-002
 -0.165851068331003     
  0.223992229878183     
 -0.452458492220693     
  7.574460935548376E-002
  0.377388719567787     
 -0.454557440121173     
 -0.364827696055654     
  0.157962327614001     
 -4.729307637650690E-002
 -0.469736545727536     
 -0.223877540965125     
  9.822006907106030E-003
 -0.487667969943071     
 -0.328727944631234     
  0.130136172314663     
  0.484664676451696     
 -0.221611941594032     
  0.300060916318514     
  0.155081680855493     
  0.288746427855945     
 -8.171585219215832E-002
  7.603520036721244E-002
  0.214037475390393     
   1.02942618032131     
  0.412028428009106     
  0.205644829405648     
 -1.718826989043714E-002
 -0.694374972711427     
  0.559614014198061     
 -0.184490296345009     
 -0.131065696388248     
 -2.979715895204625E-002
  0.103647912523703     
  0.363946504919346     
 -0.514351349639685     
 -0.139462589467683     
  0.292867826414910     
  0.495759237858496     
 -0.394525888521152     
 -5.078193873113049E-002
  0.325042926168941     
 -0.481627533041812     
 -0.214068635876019     
  7.244205152952241E-003
  0.379425351676755     
  0.150584325241005     
  1.107253494159178E-002
 -0.385683741639853     
 -0.231837008825070     
 -0.193700087336121     
 -0.231715073995139     
 -0.156841922432432     
 -1.294064007227453E-002
 -0.151861808135676     
  0.491524342201020     
 -0.501377701603376     
 -8.893370019379830E-002
 -0.365123465331362     
  0.163824340978745     
  0.309925099347563     
 -9.421394374798248E-002
  6.513636340087919E-002
  0.499206577943397     
 -0.278907214123231     
 -0.368485612878146     
 -0.279185264593823     
  0.315504249208361     
 -0.421498068564634     
 -0.325671169251506     
  0.128967180455369     
 -5.434818736877444E-002
 -0.431660384779486     
 -0.353516112255694     
  4.729857543213138E-003
 -0.359733628340519     
 -0.174600330906234     
  0.158447288925844     
 -0.166916347115669     
 -3.790813731430118E-002
 -0.448495054978931     
  0.496906235984325     
 -0.327989232531239     
 -0.721845965460778     
  0.191627593466586     
 -0.152227921234533     
  2.048629881440494E-002
   1.19562759234485     
  0.571220213777199     
  1.307318114214986E-002
 -0.393567372074002     
  0.188711128135293     
 -7.482413952457244E-002
 -0.759578336072512     
 -8.105106819814663E-002
  0.106670381140140     
  0.584341553906283     
 -0.245714081971438     
 -9.596411044822896E-002
 -3.995306043873373E-002
 -0.426172635934463     
  0.231365674621615     
  0.386280344348454     
 -0.475338958780819     
  0.627801304399702     
 -0.106229572069854     
  0.299887452145607     
 -0.436600302747622     
 -0.331017480877982     
 -0.165320607392178     
 -0.108206072572583     
 -1.372125351612670E-002
 -0.640520253930539     
  0.182787694516965     
 -0.367670644777316     
 -2.202679745315591E-002
  0.293404501453653     
  0.295722209645653     
  0.168060564480949     
 -0.326279338699916     
  0.441087013369680     
  0.585791808541115     
 -0.205525378659076     
 -0.373178719159305     
 -1.010198871600710E-002
  0.335305412924662     
  0.626452164528050     
  0.574306183562306     
  0.457676146904210     
  0.356640331378464     
 -0.152432801116494     
 -6.868727221475135E-002
 -0.368059631566407     
 -0.183166113509310     
  3.128013934196915E-002
 -0.333732682705151     
  0.173495894968562     
  0.221202287348421     
 -0.272848125213581     
  -1.03515938074062     
  0.462178454373266     
 -0.327134050896693     
 -7.736801355789720E-002
  0.501867800925406     
 -0.509486759003600     
 -0.397354017858865     
 -0.569416428937426     
  0.127636361571041     
 -0.160770105009986     
  0.510988132255172     
  6.791591399154007E-002
 -2.266845982828137E-002
 -0.368355801221112     
 -0.550559283268887     
 -0.366453856271906     
 -2.647823150459893E-002
 -0.393593458200972     
 -0.264711474175325     
  0.125912115523144     
  8.517816106010170E-002
 -0.312559436254955     
  0.179522632812734     
  0.293438217213543     
  0.394554104990493     
 -0.295293291874368     
 -6.491715045041634E-002
 -0.457938585468739     
  0.123152709388913     
 -0.240478454178176     
  0.598335803762706     
 -0.451529714140521     
 -0.130796892135247     
  0.236665450437436     
 -0.713433741348608     
 -0.255331334456435     
 -0.669081024611269     
  0.164715444156145     
 -0.242282018268504     
 -3.271675001771935E-003
  0.190877553748993     
 -0.476544938554732     
  0.530596803230708     
 -0.754629683511843     
 -0.361529819866257     
 -0.344683832582345     
 -0.272879022757549     
 -0.489868462041441     
  7.169317199555093E-002
  5.215492225707921E-002
 -4.955333094603261E-002
  0.543718559083015     
 -0.349562051149193     
 -0.254791219057550     
  0.309898125681671     
 -0.397405932647241     
 -0.797394607565843     
 -0.448497901879031     
 -0.545203590569598     
 -8.701787650065565E-002
 -0.248923131488029     
 -5.628356420772138E-002
 -0.216244035703970     
 -0.835107759694444     
 -0.104113217074368     
 -0.288354714464815     
  0.337829573810986     
  0.400281156172706     
  0.422907942916671     
  0.462723618795327     
 -0.326153231824723     
 -0.514609762223016     
  0.189978538174297     
  5.429924211745753E-002
  0.503729176395098     
 -0.250673311890420     
 -0.401467804439433     
 -0.800120744234815     
 -9.714285012888749E-002
 -0.318647467291120     
 -0.365407022412899     
 -0.289326501802234     
  0.215757974518128     
  0.599471141530893     
 -0.109685383542890     
  0.832840006359166     
  0.644922859998116     
 -0.464533771918990     
  0.104818975151916     
 -0.215637675438191     
 -1.397615059982140E-003
  3.617360937655355E-002
  0.168916048141225     
 -0.254818784010764     
  0.487520855971335     
 -0.384524779192985     
  0.849690031632155     
 -0.733330601047448     
 -0.243345272266795     
 -0.334341609981670     
  0.472117073532008     
  0.403384864590395     
  0.300041072913733     
  0.381603631194070     
  0.102955852767294     
 -8.961659154840866E-003
 -0.246089997043543     
  0.322067289891807     
  0.149785187456453     
 -0.190834899901532     
  0.406862608721251     
 -0.249952686340291     
 -3.267977604167104E-003
  0.292219278205269     
 -2.259135158563963E-002
 -0.208209090144066     
 -0.547915942026247     
  0.391130323607091     
 -0.638785713436070     
 -0.729863527603706     
 -0.220568806659094     
 -0.308556767325895     
  0.280715840559880     
 -0.404501260923212     
  0.317535828486845     
 -0.494557733745813     
  0.113165986998248     
 -0.282439824820083     
  0.441764569702204     
  0.291279668750381     
 -0.184302258552149     
  2.255955277726011E-002
 -0.128421563673676     
 -0.634908847852178     
  0.169096011592350     
 -0.391225134810289     
  0.324913362382486     
  0.925193532032672     
  0.425927891278710     
 -0.229733923178272     
 -0.978128375360174     
  8.953968907179335E-003
 -0.554760420795325     
  0.178671032710701     
  4.630347739985556E-002
 -0.767343199987426     
 -0.194254401049946     
  0.243178424627965     
  0.640479879951135     
 -5.634740131343635E-002
 -0.270440788386747     
 -0.206340141373312     
 -0.409626425963361     
 -0.343094129102489     
  0.274001392911262     
 -0.117780865887014     
  0.803252681365233     
  0.538333222624132     
  0.106600570113651     
 -0.136111907891832     
  9.524129555966184E-003
  -1.36725140592255     
 -0.145005715443735     
 -7.954578704209039E-002
  0.480421284865705     
 -2.792849695836272E-002
 -0.403230157472763     
 -0.255109721800927     
  0.131610343404457     
 -9.033478572037859E-002
  0.316837503995975     
  0.779523774009443     
  0.156806491772736     
 -0.503917611426981     
  0.457129707247658     
  0.579624900921120     
  0.216029273873362     
 -0.443414866518845     
  0.312868196933289     
  0.309986802597434     
  0.402411630156038     
  0.355804043388861     
 -0.804462181291097     
 -0.145130747712867     
 -0.601706067124848     
  0.309873229730835     
  0.263303365130567     
 -0.668130125753742     
 -4.050127267554957E-002
 -0.501443905019912     
  0.189249170389434     
  0.360805628336609     
 -0.625266765529381     
  0.167105217056694     
  0.204554711415595     
  0.259625534606002     
 -0.353402592915176     
 -0.264572381752899     
 -0.141818614777597     
  0.319979974052228     
  0.608876542780474     
  0.763432001040036     
 -0.459742796308869     
 -0.507873185548685     
  6.020708771183804E-002
  0.286418965601143     
  0.132414266965043     
 -9.046181148126818E-002
 -9.277634242607524E-002
  0.595264955567652     
 -0.710883774240238     
  0.216330473669147     
 -0.181819051837451     
 -0.715421681167305     
  0.333989541796743     
 -0.651168539046553     
  0.253477551416357     
 -0.505163416547556     
  0.668071941483730     
  -1.49417943336724     
  -4.08968597515199     
  -4.11373458080005     
  -4.66648048718581     
  -6.40558011593005     
  -11.5031329648794     
  -5.39808734261968     
  -8.82141144256498     
   3.22512551661306     
   1.35825944607915     
   3.04370856857974     
 -0.178850270533353     
  0.643741975078137     
   1.25737142479879     
 -0.940532412099737     
 -0.183935889692082     
 -0.424189818918724     
 -0.358248598841176     
 -8.412973452351369E-002
  3.176015173043611E-002
 -0.206863523213006     
  0.244912165249946     
  0.239134451111094     
  0.133090028593004     
 -0.155572340683519     
  0.295842627930415     
  0.227446232536289     
 -0.310805399398906     
  0.293747044165589     
  6.968854023591708E-003
  0.125783490285110     
  4.343465285544135E-002
  6.482726005645589E-003
 -4.457034575383562E-002
 -9.357297774632573E-002
  0.319166567359355     
  0.232907897246444     
  0.483396096176489     
  0.438680981222120     
 -8.827843840162192E-002
  0.304491986202544     
 -0.402784936653706     
  0.393618328358068     
 -0.456307684887487     
 -0.163238029096277     
  0.458613630201361     
 -8.023706052688190E-002
  0.455933950271532     
 -0.117618982256392     
  0.177956726536493     
 -8.095753351211332E-002
  0.346944129859339     
  9.041475216107009E-002
 -0.398964700459141     
 -0.399670012444625     
 -0.253848910102397     
 -0.438508798775238     
 -1.735022962416316E-002
