 -0.107240341178592      -0.407751603257458     
 -8.846888721316944E-002 -7.741891133751461E-002
  0.339369779727240       0.303078492222259     
  0.386451289027469      -0.271612599965619     
 -0.362695253411067       0.132365508422307     
 -0.197387845710969      -0.232967264897283     
 -0.340357270778684       0.145644958658745     
 -0.345534514346316      -0.201760434172739     
 -0.544373208729853       0.437544515790398     
 -0.275562360581861       0.245221341943310     
 -0.362907945954275      -0.189229306484270     
  0.288898526003445      -6.856383022976399E-002
 -0.247323505970942       6.696831144488717E-002
 -2.374795800806658E-002  0.194453519905193     
  0.169000536797163      -0.513054010413516     
  0.412662547493081       6.111856934419212E-002
  0.222282062789794       0.252037439915929     
 -0.456945902320046       0.112081160560595     
 -9.755082464735215E-002  0.139185916376002     
  0.207074075536828       0.119964466612358     
 -0.342598620354095      -0.420482528131962     
  0.232620013023082       0.451953212867942     
 -0.433092623973366       0.599641395952849     
 -0.301451497225471      -0.546251653596136     
  1.179405025452884E-003 -0.237473148343562     
 -0.122151852572985       4.468765320597213E-002
  0.325851921360410       0.242401421301815     
  0.151960680180014       0.229010418616449     
  0.246523951892416       9.350982628079274E-002
 -0.458635101208250       0.147316659229454     
  0.164797797962900      -0.617452637935428     
  8.871211915185927E-002 -0.241934629500336     
  0.263370134985458      -9.246057918070442E-002
 -0.163496989210687       0.357705562164652     
  8.982376391856156E-002  0.225677544069478     
 -0.406805534830758       0.318017386847920     
 -0.425236075421980       0.609116522286258     
  0.116933213908175       0.240108197007363     
  0.712973471324602      -0.729134647677492     
  0.704181662966922      -0.388025375300873     
 -0.596633128639112       0.477215551123357     
  0.201417085096028      -0.369165226896536     
  8.088298256156758E-002  2.393706662306730E-002
  0.192395481461396      -0.416074962516506     
 -0.887640735266610       0.703160469618312     
 -6.358983712349896E-002 -0.104978886678212     
  0.459549828301576      -0.557316277843397     
 -0.124695001211120       0.185746758920027     
  0.642798640681256      -0.792730931648038     
  -3.06892863643696        3.07403155599404     
   2.75844619229539       -2.77436755945359     
 -0.234525194531048       5.780198284356218E-002
  0.711728836198624      -0.750680872055375     
   1.24965918201439       -1.26963864594984     
 -0.102017452762301      -6.510127712112802E-002
  0.425706079455705      -0.625767829222315     
 -0.456950326113779       0.556571784483158     
 -0.535339987623605       0.225904066410041     
  0.474588710939921      -0.604664273496054     
  0.393842226619281      -0.216779790428963     
  0.792155279415859      -0.308183588638016     
  5.736541013383752E-002 -0.334769775912609     
  0.274629318040930      -0.422889768483514     
  0.113245650015031       0.172051650462216     
  0.256667011689052       0.138633844372688     
  0.431763617851304      -0.446333267173904     
 -0.179998995742376       0.212068974575779     
 -0.405816258917816       0.565426940144675     
  7.869340537286683E-002  0.311119368167206     
  0.450347918629648       0.101772949894827     
  0.197222504681704      -0.265026011847755     
  0.403190623323335      -0.486237127382751     
  0.120354791955274       0.280516421873544     
  0.150958097859371      -3.980436105545477E-002
  0.116547774082608      -8.912595389189736E-002
 -0.381922648619628      -4.082171686401332E-002
  0.130597420914494      -3.357358158224529E-003
 -0.163416556407161      -1.407587818449790E-002
  3.193748801744239E-002  0.224284618520201     
  4.656594416839145E-002  0.408593057637788     
  0.356662247829706      -9.240382676846724E-002
 -0.138466620676916      -0.119729358256087     
 -9.027584057478073E-003 -0.166355718547790     
  0.110765194253654       6.150681979844940E-002
 -0.418611724483983       6.053546006513581E-002
  6.535426597373470E-002 -0.125152379369201     
  0.197362629093036      -0.403502987084084     
 -0.239131145955955      -4.069423616288266E-002
  0.218537070901855       0.206879126346731     
  0.204495298411175       0.224388854719387     
 -0.542946249251975      -0.225080618812868     
 -0.402335005467616      -0.227649424732317     
  5.833073595460410E-002  0.250789107346346     
 -0.301576776042588       0.109515156259002     
  0.527642042920601      -7.063059991555926E-002
  0.190514604427070      -0.183109798529466     
  0.172695179194948       0.258533731426596     
 -0.375215416801419      -7.933350087348640E-002
 -0.261070024997365      -0.451164871329365     
 -0.394396180859785      -0.463552038010191     
  0.488377753086537       0.200371473741884     
  8.728735512164411E-002 -0.201841712216816     
