  9.685729716318127E-002  6.412390635415154E-002
 -0.364452270799416       0.165208940319747     
 -0.313853986835451       0.153592381520916     
 -0.259560467602546      -6.603558958341640E-002
 -0.333214744840354       0.536200819572941     
 -0.398513087040882       0.506575180939927     
  0.130482863473540      -0.270967512849950     
  0.270841340541095       0.153972746670552     
 -0.432218635427855      -0.498756849568023     
  8.555717584051896E-002  0.559916942329010     
  8.382739109582719E-002 -0.227994407801319     
  0.350738953213145       0.476022159125946     
 -0.544352899921302       0.337604257934673     
 -0.301255898002424      -5.273132895245168E-002
  0.213644333723785       0.426614055915400     
 -0.338131688143571      -5.455645577316028E-002
 -2.477926339834952E-002  0.414801249783593     
  0.379765830021372      -0.267459365544865     
 -0.333300718095109      -0.152886006820598     
  0.372956118386854       0.328515302335860     
 -0.224805758123049       0.445762316330759     
 -0.288612652049708      -0.224153955348642     
  0.216323437885030      -0.120723767506114     
 -0.219924389203122       0.412204572030556     
  3.293119866722486E-002  5.208992865111820E-002
 -0.449354914847600      -0.202474077874513     
  0.442387505987987      -0.206273330315680     
 -0.241950591872114      -0.365023585849705     
  0.506784495546182      -0.388520939523041     
 -0.319808926109903      -0.193265976730219     
 -0.121883463884037      -0.299657055228531     
 -0.494501071541794       0.170517683689238     
 -0.275149545660163       0.107003230948819     
 -0.470496804257208       3.907887537619495E-002
  0.514488780677311      -0.303778979463818     
  9.927225580409114E-002 -0.259203883971213     
 -0.366985138264725      -0.293049984533477     
  0.586898550571175      -0.652055443108021     
  0.559934882780412      -5.987376965762932E-002
 -0.308612180278883       3.239326415709933E-002
 -3.300248929881309E-002  0.157294734303945     
  0.147463957408290      -0.368126675249493     
 -0.115497602707564       0.403493769499466     
  0.316079842961426      -0.152731450574737     
 -1.716339384453612E-003 -2.762536548195868E-002
  -1.00126244177682       0.871488306390698     
   1.27057118564466       -1.23654750521999     
  -1.29495749746594        1.34487131208198     
  0.530304464521635      -0.517698215975105     
  -2.03156971306894        1.97462205663968     
 -0.552551626155015       0.525723027704792     
  -1.24311763895752        1.36509431385750     
  -1.02860890389036       0.876162446015264     
   1.63197663382328       -1.74538900824906     
 -3.006398047101717E-002  0.205827629152508     
  0.159883160161695      -0.185827718944985     
  -1.01401781566775       0.814248616865125     
  3.837961937338662E-002 -0.154328037835915     
  0.366511349487071      -4.753618677790910E-002
 -0.459519729376932       0.520127909719017     
  0.462931995888525      -0.637521323994940     
  0.347638376970036      -0.506397825864830     
  0.248858670741355      -0.313318825817346     
  0.299910942401275      -5.946123913688706E-003
  0.124398587098509       0.270870158792413     
 -0.149263315638188       0.297861240647515     
  0.176501001640502       1.484600569467041E-002
 -0.203493000580335       0.292604366764425     
 -0.262364477236717      -0.365077391337638     
  2.874409554832514E-002  0.238050278518505     
 -0.451684805969746      -0.116964646162063     
  0.193957698214426       0.515223059691843     
  0.194443837234539      -0.425770598788524     
 -7.930521359123666E-003 -0.139591708524950     
 -0.258060531222867       0.294357886551181     
 -0.126513927944271       0.601467100859392     
  0.321148565249855       0.126545670671605     
  0.325521919454490      -0.335690991033985     
  7.153270689616628E-002  0.176086663724728     
  0.343345831887289       0.109903583230034     
 -0.443113262706100      -0.203466629050790     
 -2.927374213895840E-002 -0.148982234122534     
  0.343643230927995       0.498674212582155     
  0.253692537545445       0.516966085367820     
 -0.360092148552196       0.448821407337958     
 -0.110177420274959       0.486016794647800     
 -1.676022525187506E-002  0.420587202182336     
  0.330952747863099       0.366895372591970     
 -0.494189682247435      -0.162620082659485     
  2.413721244196886E-002 -0.323278706068669     
 -0.200142999757642      -0.327570471500790     
 -1.337632297486281E-002  1.018557707672761E-002
 -0.361911282503078      -0.205463720330588     
 -4.901705500395129E-002  0.446997191377149     
  0.375068234690965       5.957278795071955E-002
 -0.429970490898783      -8.400668562947024E-002
  0.351515647891615       0.438682062828958     
  0.402396174774326       3.120247462613979E-002
  0.366626073323921      -0.432409817254803     
  0.331306866478035      -5.259607859563043E-002
 -0.234436706479386      -0.314637360707671     
   1.18420885720629       -1.14746414251027     
