 -0.583498131218812     
  0.524412073205617     
  0.316962232543831     
  0.329650446599624     
  8.308190964022108E-002
  0.342934830612510     
 -0.154778134101405     
 -9.593007725519348E-002
 -0.205945064675290     
  -1.16147959092637     
  5.174964420029955E-002
 -0.535926272445213     
 -0.950867581942695     
  0.841586907015643     
 -9.025323983250114E-002
  0.151934477821144     
 -0.553618854785167     
 -7.537037862092810E-002
 -0.362570181973605     
  -1.15876746553822     
 -0.184889309557331     
   2.62567459543982     
  -3.79013152588830     
   1.56375239216417     
  0.903721104753272     
  -1.23673001437610     
   5.90658575573268     
 -0.852520270675610     
   5.80954833478164     
  -5.77934536337114     
  -1.76054736320017     
  -5.52195266214029     
  0.896224300578400     
   7.54498649326269     
  -2.21036499503416     
  -1.01988188995364     
  -1.61955570282349     
 -0.596598061662712     
   3.63537895880206     
   3.63903276694353     
  -1.56686839078580     
  -1.13493120310538     
 -8.766361058588827E-002
  0.992354393805358     
  -1.02331353735127     
  0.802857622275108     
 -2.552692432465634E-002
  9.507644146107323E-002
  2.942157135672698E-002
  5.903756347560631E-002
 -0.371543431340694     
  0.322053532852438     
 -0.420627492325989     
  0.373919474825641     
  6.484756927088731E-002
 -0.511169025727331     
  0.579984239254028     
  0.284231591060750     
 -0.271479457412006     
 -0.280646139426536     
  0.766362705235233     
  0.556455321303488     
 -0.234183530808608     
  0.156775241542216     
 -7.818644194596175E-002
 -7.931851712192101E-002
