 -0.240507467031203     
  0.436261498020357     
 -0.395477560941816     
  0.476375350784508     
 -0.127431369956292     
  8.031381667962126E-002
  0.376371091648744     
  0.291607939895288     
  0.125892255988342     
  2.529139865917847E-002
  4.715963194388601E-002
  5.309746715661304E-002
  0.197811003571126     
  0.444078408598311     
  0.368079194430960     
 -0.483981494073762     
  0.136730365652335     
  9.548468171349012E-003
  0.357641110084195     
  0.130411416677010     
 -0.450893183342919     
 -7.826204558473247E-003
 -0.266041115679474     
  0.338841295254878     
 -0.374297058038728     
  0.559129191702699     
  0.374644867662268     
 -0.317384101777312     
 -0.326783977601935     
  0.315814291020573     
 -2.092326132793166E-002
  0.201460484669727     
  0.133864927530944     
 -0.179375506735183     
  1.155734817863183E-003
 -7.033907810992837E-002
  0.411204216340928     
 -0.214162271160905     
  0.362290411809482     
  0.462703927019097     
 -5.523913480328526E-003
  0.428807784718841     
 -0.146724388504309     
 -0.431457854581150     
  0.236860586516395     
 -0.631140091434743     
 -0.502720934285120     
 -0.486512813976220     
  0.444182065802616     
 -0.129013165342250     
 -8.586365030077972E-003
  0.137813050943348     
  0.205761761895379     
 -0.171640217146997     
 -0.414340490472522     
 -0.168629787907633     
  4.226216324011292E-002
  0.149935671179834     
 -0.116772460336324     
 -0.166397479747595     
 -7.475433326979590E-002
 -0.159142385245440     
 -0.421950301049724     
 -0.402039423461775     
  0.519839480197697     
 -5.811106342536444E-002
 -9.128948798807025E-002
 -0.188616131415376     
 -0.285886356779338     
 -0.355586118891591     
 -0.283977009542046     
 -0.256544375199607     
 -0.159731524537149     
  0.379467916606211     
 -5.205428722780724E-002
  4.258337696804077E-002
  0.190891834218803     
 -0.283081565038008     
  9.004641103179305E-002
 -3.588486149851815E-002
 -0.216974343935671     
 -0.269623876937477     
 -0.123250019854662     
  0.247411646171441     
 -7.545654377568120E-002
 -0.104846116278557     
  0.339610898796312     
 -0.323584526267339     
 -5.468522682048029E-002
 -9.995904244857261E-002
 -0.447783599510884     
  0.253932682547269     
 -0.319399579018312     
  2.515911840442132E-002
 -7.990643791170880E-002
  9.491299309193572E-002
  0.379089807866490     
 -0.565826555916737     
 -0.382716030852078     
 -0.453549116120602     
 -0.359851406082564     
 -0.285646729996126     
  0.342943000258415     
  0.432587227766749     
 -0.262926830859238     
 -9.993959357378891E-002
  6.643215318340337E-002
  0.463462296378969     
 -0.213731963367422     
 -7.515224357464940E-004
 -0.352532795843058     
 -0.199562941008974     
 -0.415083144973140     
 -4.841386748562967E-002
 -0.114857360156413     
 -0.221011172237375     
  0.228772409473249     
  0.243966903423544     
  0.251935777208224     
 -7.631683326093124E-002
 -0.106302114967567     
  0.280693816021421     
  0.157238248391327     
  0.339139391258948     
  0.320404194363899     
 -0.452923981744010     
  7.802434855674253E-002
  0.171354071278134     
  0.425882122087521     
 -0.316929840482697     
 -0.208643798491184     
 -0.311925655990494     
 -0.427521562603535     
  0.196505354070813     
  1.292622011876032E-002
  0.164689130806680     
  7.561057524445641E-002
 -2.637038790293704E-002
  0.226193692521142     
 -8.809778138658476E-002
 -0.385971201671753     
  0.340945199706795     
 -0.120911476600284     
  0.142691450698895     
 -0.260469751773272     
 -0.125073956217618     
 -9.861426699922379E-002
 -0.319686348805090     
 -0.311344471692565     
  0.112561570567324     
  0.399292555424006     
 -7.663746895970383E-002
 -0.105878475032534     
  0.189195820712658     
 -0.340731224939616     
  0.562132890001947     
  4.571788458131976E-002
 -4.080615910923563E-002
  0.320170963646625     
  3.626917088502935E-003
 -5.107494722964703E-002
 -0.401571009311863     
 -0.450934458236376     
  0.152485889185808     
 -0.128371780341203     
 -0.284457262534100     
  0.123437565868659     
  0.346482029005749     
 -0.455200325043480     
 -0.344754011370696     
 -0.291093268946185     
 -0.190579779776775     
 -0.110179000557372     
  0.147047757280041     
 -7.397325656192388E-002
  0.522070268451872     
 -0.257357762180160     
 -0.123766808048336     
  6.639373896808444E-002
  0.190705337181585     
  0.326906825639595     
  0.388740507069449     
 -7.535256782409373E-002
 -0.508511629431438     
  0.443262639879834     
  0.454717155383521     
 -0.499611836419499     
  0.415134336369779     
 -0.482197973908437     
 -0.293685567620908     
  0.345998442212579     
  0.295305483518134     
 -0.482574654866959     
  0.289586084046681     
 -0.357899981146829     
 -9.118004861047133E-002
  0.421929072494124     
  1.194780742928996E-004
 -0.328375988549165     
 -2.783245093624262E-002
 -1.609339042472447E-002
  0.514367021826909     
 -0.225794106863422     
  0.419584233946997     
 -2.896857583180011E-002
  5.335555674983449E-002
  0.198441104830423     
 -2.143102888610771E-002
  0.507239473484006     
  0.455605382004130     
 -0.484631763166902     
  8.681267132366154E-002
 -0.245073949727401     
 -0.258068751668613     
  0.467638291987303     
 -0.339404950761495     
 -0.120463461924739     
  0.185937893300558     
 -0.279608575773135     
 -1.087105374558592E-002
  9.313132857510871E-002
 -0.265066140264364     
  0.134270633640886     
  0.237277426503340     
 -0.110889522474591     
  0.525139698946261     
  0.392791932061204     
  8.370760193162868E-002
  0.101974236348530     
  8.524683371626600E-002
  0.506467854670374     
  4.334029922038247E-002
 -0.274654611783529     
 -0.257897900160959     
 -0.533419448181550     
 -0.204385689361139     
  0.489958753472905     
  0.121103668135579     
 -0.110162827977341     
  0.174364563195011     
 -7.306754610107452E-002
  0.304639233492851     
 -0.217712899568489     
 -0.593866091210158     
  0.683111616884121     
  0.452485879557423     
 -0.440830289462166     
 -0.529036421884455     
 -0.461383943473844     
 -0.444309569761063     
  8.259602144335901E-002
 -0.217028966260489     
  0.167882780898772     
  0.150700297965253     
  0.319125795851536     
 -0.469588256500109     
  6.916175091901235E-002
 -7.102195407099962E-002
 -0.149617875060643     
  0.579728728920619     
 -0.320435927955971     
  0.230549796658914     
  0.100576661283480     
  0.269964353604975     
 -0.320252445484449     
 -0.142196907148034     
 -9.892364427926258E-002
  0.475347904289130     
  0.229889585067633     
 -4.422593465497748E-002
 -0.154587330626520     
 -4.292624161792076E-002
  0.380231917933887     
 -0.240733520872122     
  0.535247458597761     
  0.381444372951532     
  0.466401998155750     
 -0.252569746712576     
 -0.558702006479944     
 -0.446315972328298     
 -0.512925898143989     
 -3.290965929510025E-002
  0.154962583373704     
  9.879317904067019E-003
  0.408536636331951     
 -0.281001274753807     
 -0.237866551213250     
 -9.439889258719901E-002
 -0.139728955179436     
 -0.359061444985517     
 -0.192763349980247     
  0.415079900296158     
  0.272076353555197     
  0.148621880260404     
 -0.357025585141774     
 -0.417646911103420     
  0.453729663163406     
 -0.527129605334774     
 -0.132204596374170     
  0.421217789133850     
 -9.887320254780448E-002
 -0.336843592255698     
  2.513539841445592E-002
  5.264581727358125E-002
 -0.306446861952278     
  0.184438200185777     
 -0.658060368131630     
  0.308000571823574     
  0.473553390450831     
 -0.504567827954942     
  0.156357301711143     
 -0.435684266431005     
 -0.350244335307662     
 -0.462876622936477     
 -8.322221746782898E-002
 -0.495517366335097     
  0.336645027693560     
 -0.415298412736667     
 -0.305408158190743     
 -0.383228305303074     
 -7.117734554816733E-002
 -0.119200371773902     
 -0.122709960051518     
 -0.319284046662605     
 -4.222559312378612E-002
 -7.898418904570606E-002
 -0.361787207651732     
 -0.139906496068738     
  0.431539188960631     
 -0.518019151209053     
 -0.484018141348767     
  7.222503704429711E-002
  5.481364347284059E-002
 -0.207802958973646     
  0.222426588309087     
 -0.450844688542450     
  0.235632663972220     
 -0.406643575233789     
  0.270441193640991     
 -0.147783092731667     
 -0.343731670023016     
  8.925438517884390E-002
 -0.412509660927722     
  0.259090155896541     
 -0.175829783834598     
  0.291793140440080     
 -0.104670482560134     
 -0.136905991229305     
  5.656347706681846E-002
  0.156481346142473     
  0.357990657858870     
 -0.334125689614924     
 -0.437947257868658     
  1.834679040889787E-003
  0.260511510251972     
  0.517727706108498     
  0.510779288614080     
  0.252393579652316     
 -0.366822273882506     
 -0.198789667996464     
  0.396605747155112     
 -0.126789291064266     
  0.403572561414126     
 -0.343585118170192     
  3.327791019560726E-003
 -0.156484887410500     
  6.910913416080285E-002
  0.116196479864616     
 -0.199048190105670     
 -0.148439246677452     
  0.124227864462552     
 -0.119704497865492     
 -0.191546762623963     
 -0.304010622179707     
  0.371293484535594     
 -0.171984322112066     
  2.268516454470322E-002
 -0.332321012327346     
 -0.522984609319197     
 -0.384899659641030     
 -0.507387430557984     
 -0.464245193645990     
 -0.636698699181129     
 -0.289307425894893     
 -8.833401115157036E-002
  0.290437743011020     
  0.120929013467848     
 -0.215575035977337     
  0.175814501567017     
 -8.660297349970064E-002
 -0.308521985233679     
  0.294776398066077     
 -0.372704041690559     
  0.524947415198783     
 -0.375987234904783     
 -0.169746606527857     
  0.286806110065201     
  0.280795600309882     
  0.415750853288653     
  0.323681460318559     
  0.130246673144315     
 -0.102727650300867     
  0.355417393846355     
  0.418902779588175     
 -8.673405022070085E-002
 -0.548518684326466     
  0.946402047251534     
 -0.125408351097419     
 -7.926707623554271E-003
  0.288114950212059     
  0.171155485909970     
  0.450586635419909     
 -0.220164876465753     
  9.154464449272967E-002
  0.318001469220262     
 -0.397973876425127     
  0.185037852329015     
 -0.115348464595456     
  0.174442448085624     
 -0.308021133015584     
  0.254436783461020     
  0.170254589384002     
  0.535276130031132     
  0.458888669462411     
 -6.550697637707099E-002
 -0.242714990002099     
  1.922401721734366E-002
  0.229814270401436     
 -0.174329984936058     
 -0.214884265384663     
  5.137721663396303E-002
 -0.403488189163105     
 -0.300901483227151     
  0.548369127084460     
 -0.205527472513127     
  9.937175362077007E-002
 -0.417113673641220     
  0.296383521164840     
 -0.321588007513872     
  6.536479519264989E-002
  0.380643519327207     
 -0.175616531605707     
  0.361363807080464     
  0.366514547427266     
  0.401481484483552     
 -0.108123398493381     
  0.370992401918556     
 -5.323846158092764E-002
  0.488181110005378     
 -0.166605763179486     
 -0.897063137667316     
  0.104463821323253     
 -0.142612725034495     
 -0.350664132176509     
  0.201853177591992     
  0.303571937504546     
  0.247817613244894     
  0.107594915742890     
 -0.222563120640728     
  0.521143342773438     
  7.911166920635788E-002
 -0.177783912101930     
 -0.200818412713645     
  0.200551661811041     
  0.247555534831454     
 -0.346694911217065     
  0.284337102077069     
 -0.571447206985369     
  0.131788043920783     
  0.910966338939682     
 -0.212040868324715     
  3.230279213651170E-002
 -2.658396886101008E-002
 -0.330839134852457     
  0.816478949015248     
 -0.205023304360933     
  0.185057595662663     
 -7.729748987479917E-002
  0.465870016371531     
  0.414528499817397     
 -0.509303536128154     
 -0.265541145026405     
  0.477683564577442     
  0.398755969652120     
 -0.436363180225286     
 -5.118249255611151E-002
  0.169321754478394     
  0.229324051186178     
 -0.342551243621402     
  0.258536670509342     
  7.192723917094758E-002
 -0.607804790166396     
 -0.482925126636208     
 -0.225816596384706     
 -0.342049277305263     
 -0.270737740967510     
 -0.363329289273282     
  0.254525425895230     
  7.591374780210401E-002
 -0.334415279397244     
 -2.315586135739939E-002
  0.137304649184559     
  0.503607355538660     
 -0.388227720632207     
  6.286530441020058E-002
 -0.229337554533105     
 -0.147392008017284     
 -0.192551256847136     
 -0.453985390964002     
  5.605954311472246E-002
 -0.447131410052638     
  0.680630265475062     
 -0.409164904008738     
 -9.104743805674444E-002
 -0.405759826984414     
 -0.382525103751244     
 -0.158917616792361     
  6.822537687641723E-002
  0.439994481300976     
  3.536440432736605E-002
 -9.818650532443055E-002
  0.396035918787063     
  0.391729802758800     
 -0.351225421895306     
  0.548483264086356     
  0.470902400689139     
 -0.189034084208553     
 -0.222961281415130     
 -8.989164361364384E-002
  0.147485046026787     
 -0.146509971814020     
  7.955569889113438E-002
 -0.229108444299898     
 -0.436113276001826     
 -0.532245882805167     
 -0.377828404558427     
 -0.124683160096198     
  0.529951989192931     
  0.320345303069328     
 -0.283070673764452     
 -0.416545812247403     
  0.235633652614598     
 -0.531682394968157     
 -0.306723276254454     
 -1.059792439429636E-002
 -1.713113155084769E-002
  0.535904391875820     
  0.180077183036318     
  0.224457132995454     
  0.439635990917012     
  0.292466675608113     
  0.426466430439966     
  0.377600285791444     
   1.06818563551144     
 -7.469322688442091E-002
 -0.578494003295621     
 -0.235333131896211     
 -0.456635163544139     
 -0.739925458822204     
  7.174079920738161E-002
  5.929360580217220E-002
  0.223979967670880     
  0.470845986752319     
  0.200781461032421     
 -5.674083025996746E-002
 -0.211860411037370     
  0.296446610994440     
 -0.282105507765243     
 -0.396645798633922     
  0.409961901868782     
  6.873400463512824E-002
 -0.566437276110326     
  0.274873271187171     
  0.340004483971058     
   1.48821456097566     
  -1.78371762197685     
  -1.44216230906853     
 -0.733373217480065     
 -0.102506899404811     
 -0.981645063160432     
   1.35155782858522     
 -0.269311947165903     
  0.506243142740623     
 -7.723949461608381E-002
  0.535668087967429     
  8.233882064191388E-003
  0.242013596763923     
  0.401198111810900     
 -9.357410009376947E-002
  0.205970852733233     
 -0.454222665037521     
  0.324591892938124     
  0.617458205395019     
  3.826983996040683E-002
 -0.414789498984812     
  -1.32198035286793     
 -0.814473152969506     
 -0.894384204307082     
  -1.11143403202478     
 -0.603775589649888     
  0.665826469099207     
 -0.709856624215033     
  0.421559432828599     
  8.322087836510142E-002
 -0.517752003820580     
  0.412775578963400     
 -0.482095399199902     
  0.136204901084771     
  0.474631295873661     
  0.472784244248978     
  0.224053654962253     
 -0.262855717755304     
  0.308258517288963     
 -0.524620635779583     
  0.213535243520462     
  0.693813298851873     
  0.628226630493252     
  0.236659761958636     
  -1.08615044320925     
 -0.836080004390275     
 -0.861771822729623     
  9.790469829180466E-002
 -0.125249532149271     
 -0.169247983442961     
  0.301719766806480     
  0.335162072190210     
 -0.468902281391419     
  0.291097084636383     
 -0.137610718498331     
 -0.214772286723794     
 -0.454582377159666     
  4.136441442891760E-002
 -1.330941261626312E-002
 -0.344892108288136     
 -0.189935161176393     
 -0.450479762531901     
 -0.114517980543705     
   2.21645410062100     
  -1.62159521167946     
  -2.39366916891919     
 -0.596801076423564     
   2.71297581864729     
  -1.52817467831614     
   2.12591443781229     
 -0.167023095151968     
  0.534711318429335     
 -0.286378539610886     
 -0.344679044402760     
  0.114668192627463     
 -0.374654961165468     
 -0.195437951641217     
  3.358670400666284E-002
 -1.496888506824324E-002
  0.128314161374203     
  0.556089780269986     
  0.598802759523905     
  0.206818497834057     
 -0.270870371863263     
  -1.83761420747825     
  -2.75072887261863     
   2.00609713865144     
  -2.93137464191896     
  -2.02074645527766     
 -0.680843044997811     
  -1.39838464554741     
  0.604289796863076     
 -4.256324087945255E-002
 -0.253362780080714     
 -0.447859773908865     
  3.801741069906951E-002
 -4.954818658154314E-002
 -0.354352598284083     
  5.446358813660870E-002
 -0.242150366922077     
  0.204094311086563     
 -0.125400819704350     
 -2.247623565582331E-002
 -0.152587491558222     
 -0.199035744456092     
  0.655094946110507     
   4.57638379464762     
  -3.39087233535997     
 -0.706724446084912     
  -1.86108622815150     
   2.60582725380259     
 -7.012406497775126E-004
 -5.586135493321152E-002
  1.729155115128047E-003
  9.932039663075769E-002
  0.447660089869131     
  0.313900640644772     
 -0.400322794373065     
 -4.037952741673300E-002
  0.197138326462589     
 -0.446046129090271     
 -0.112876436286789     
 -0.514077676937376     
 -2.339409061983163E-002
  0.183399724147558     
 -0.133479389652889     
   1.30595545186115     
 -0.927270479673700     
  -1.22977509997090     
 -0.430041335189279     
 -0.302425233389266     
 -0.918126027826458     
   1.40269237624611     
  0.333631298596291     
 -0.148135343763451     
  0.513753944389654     
  0.483846832095189     
 -0.479689480817122     
  0.534739264709082     
  0.236187425372967     
 -0.415774242867263     
 -8.799787040440349E-002
  6.422649742676015E-002
 -7.196389026866065E-002
  0.340964182676333     
 -0.188142699221567     
 -0.616474896726099     
 -0.731411138963297     
  -1.01116711832133     
  0.723227239727343     
 -0.751436928135048     
 -0.273881084268620     
  0.807531046606860     
 -0.347852695357275     
  0.446759398239979     
  0.463577151865249     
  0.455939043988661     
  0.167658220412149     
 -0.568817927617024     
  0.448298969500660     
 -0.254035861754421     
 -0.365896428158001     
  0.242977671919479     
 -0.355737351782040     
 -0.523870059451019     
 -0.339458012964239     
 -0.266059577551641     
 -2.930039954675228E-002
  9.133269325376824E-002
   1.48961559262231     
  -1.35451580305235     
 -0.557820550670260     
 -0.471960680111847     
 -0.339313288305190     
  0.386315591395034     
 -0.643521145440261     
 -0.532137426102520     
  0.217098603295283     
  0.485375702684438     
  0.369243553736175     
 -0.197275414164445     
  0.179450584800923     
 -0.205705512968627     
  0.341806140169631     
  7.280888913430401E-002
 -0.339040143395330     
 -0.268240406034411     
  8.363190170457863E-003
 -0.315043615280261     
  0.225806542536570     
 -0.723309443021920     
 -0.121867780718031     
 -0.316685337135654     
 -8.341163213308493E-003
 -0.188459982185074     
  0.486927593400985     
 -4.588916481496932E-002
 -0.173268704082687     
 -0.229652899145217     
  6.904910013374668E-002
  0.403941805735435     
 -0.169546437502476     
 -0.354379445683208     
 -5.876676905117161E-002
 -6.402902578006518E-002
  0.448353564095281     
  0.431442842329216     
  0.153913175777069     
 -0.259552014213652     
 -0.439764707583573     
 -0.228628482345111     
 -0.476758535638318     
 -0.532824356213824     
 -0.161678398777839     
  0.163536021867699     
 -5.846022491349539E-003
  0.312795001975155     
 -0.250115040989966     
 -0.453294163010520     
 -0.457220119228855     
 -0.409709208454482     
  0.201808123421339     
 -0.439212310674351     
  0.371578469238477     
 -0.169243639929141     
  0.420614791501103     
 -0.164007508533906     
 -8.607256012665748E-002
  9.754792457389059E-003
  0.592979065423871     
  0.615196324805934     
  2.809136250755634E-002
  0.435875024388708     
 -0.707889493284780     
 -0.108282488159301     
  2.619747945859534E-002
 -0.561931471850021     
 -0.315367565882043     
 -0.575577005673031     
 -0.200636697647638     
 -0.273506470187254     
 -0.436586392037785     
  0.465498985500565     
  0.492517964353146     
 -0.373006187206895     
  2.994030857861663E-002
 -0.126631754946314     
  0.475730774113698     
 -0.470088014197796     
  0.490273972340762     
 -0.291612545744960     
 -0.134070410468720     
  0.492434000378811     
 -0.208069095626003     
 -2.342115283644485E-002
 -0.267008833947082     
  2.656769579271659E-002
 -1.855826457448833E-002
  0.352242293923326     
 -0.184138941995050     
 -0.248048896264506     
  0.185414889952394     
  0.171803925370813     
  0.187219060256319     
  0.163442457054385     
  1.940681460609924E-002
 -0.484689670823768     
 -0.111211716978450     
  0.174024692371356     
 -0.533523145976667     
  0.294526381956242     
 -3.214775379241271E-002
 -0.382026193083857     
  0.120364995431404     
 -0.111996133629097     
 -7.620711721166740E-002
 -0.197207917163279     
 -3.558320031232669E-002
  9.468801802918242E-002
  0.857063028762459     
 -0.377890633093018     
 -0.392205086845023     
 -0.511196094091208     
 -0.491334899248146     
 -0.213640732727521     
 -0.515210219244707     
  0.203848301203986     
 -0.196566916507468     
 -0.347906080412634     
 -0.402188282168320     
  0.454698926507664     
  9.646854209927890E-002
  2.154983114957789E-002
  3.345222486133883E-002
 -0.108972020306432     
 -0.108744623456656     
 -0.191065113178729     
 -0.228071613073485     
 -3.471923164701686E-003
 -0.232836826930341     
  0.598860787910692     
 -0.262204982459989     
 -0.191656122304642     
  5.469712048518661E-002
  0.159488446675748     
 -0.267740240833890     
  5.035321534619675E-003
 -0.438533066730985     
  0.520607885308146     
 -0.315175376787029     
 -1.931249685769833E-002
 -0.327298972518553     
  8.241781067847340E-002
  0.378454843485057     
 -0.309122074965859     
  0.430556808717354     
 -0.411735857619154     
 -0.357244422722862     
  0.237933552022835     
 -8.590988404879053E-002
 -9.012964377877003E-002
  0.266156304315569     
 -0.644830235445476     
  0.582465758977151     
  3.377240367530392E-002
  7.889997105023536E-002
  0.503853406275238     
  0.197939664952199     
  0.266478076024646     
 -0.347517717286902     
 -0.160850192425618     
  0.279787428363851     
  0.167582027037181     
  3.088921125050608E-002
  0.396694663668736     
 -8.328002371979523E-002
 -0.328555216293552     
  0.337550682132374     
  0.148655124904978     
  0.167835019023732     
 -5.985166513307291E-002
 -1.871526958802814E-002
  0.246162429752047     
 -8.862754569408707E-002
 -0.346500506160727     
  0.157542026161320     
 -5.838237343460585E-002
 -0.137854913508267     
  0.144511203508164     
  9.213399718584082E-003
  0.210314634959441     
  0.408235405482840     
 -0.265508710864589     
  7.206603639774810E-002
 -0.280017619036196     
  0.382942507984474     
  0.520057399753169     
 -0.289681347280668     
  0.358010914699417     
  0.310059393503932     
  0.176598525335048     
 -0.117606464790256     
 -0.508399746680184     
 -9.200912874780326E-002
 -0.162083294927641     
  0.488096446611496     
 -0.446502760629200     
 -0.328291741460097     
 -0.407561078757401     
  0.502007799606795     
 -0.305561189842453     
  6.684257034040819E-002
  0.230035381413649     
  5.771675534685138E-002
 -0.352357260428735     
 -7.338635011250354E-002
 -7.714676231061551E-002
 -0.496391467678879     
  0.128458719654353     
 -0.287622142652245     
 -0.145664237312376     
  0.120747366869734     
 -0.267470213422671     
 -0.516692869000423     
 -0.220066501793234     
  3.225534415619778E-002
  0.657551354021201     
  0.390826976065141     
  0.253454676118712     
 -0.384630927790421     
 -0.361885537701664     
 -0.429045077185780     
 -0.320088913183552     
  0.293315104671002     
 -0.282743419034431     
  0.258625495613788     
  0.451838708902048     
 -0.197290716772705     
  0.439157034581458     
  2.345141273932590E-002
  9.196231001216988E-002
  0.377392431063649     
 -9.003651861348876E-002
 -0.250394337318500     
  9.817873506156974E-002
  0.163898566812066     
  4.273698369816361E-002
  0.580084940011450     
  0.531415668289298     
  1.515781593379735E-002
  0.368260043682141     
  0.514902332799313     
  0.436386707778920     
  2.099821892985721E-002
  0.319364981852544     
  0.460118803828684     
 -0.375353954422336     
 -0.117520481289631     
 -6.525097209247481E-004
  0.473581576697207     
  0.218997135800995     
 -0.230603837012027     
 -0.307453143287382     
 -1.546485854905198E-002
 -0.390176722628634     
 -4.294911260815418E-002
  0.612387389056124     
 -0.109402929400735     
  0.237818452690686     
 -0.469435695416610     
  0.210650223123598     
  0.571066843923092     
 -0.441386874430414     
 -0.381163189882135     
  0.310735166388876     
  0.494500822929709     
 -0.425290349590543     
 -0.440423819237136     
 -0.400767660627783     
 -0.520055602520062     
  0.448526846666635     
 -4.204264755252635E-002
 -9.470384898731904E-002
 -0.200755532351059     
  0.169098168276847     
 -3.013989369311948E-002
 -0.279302856426939     
  0.337056884667434     
  0.152841142477950     
  2.091762004151305E-002
 -0.211301789029129     
  0.155873380603775     
 -2.604164874159150E-002
  0.142776913384509     
  0.548111534554345     
 -3.756246909122489E-002
 -0.431291278362203     
  8.547092142323084E-002
 -0.242872060490945     
 -0.245002664732163     
  9.971320836298521E-002
 -0.196657077833468     
  0.280229703314497     
 -0.376725204993411     
  0.223394145358237     
  0.320256851714623     
  0.139511649857642     
  0.226204510513693     
 -0.383683101405000     
  0.619283669231979     
  0.238865895256880     
 -3.560925369067780E-002
 -0.418908072662848     
 -0.265351549672750     
 -0.308625065528072     
  0.141947256794637     
 -0.294552536723691     
  0.107502064801582     
  0.360100080160981     
  0.146160231789493     
 -0.404420922464681     
  3.845577204059446E-002
 -0.243951957615582     
 -0.274533009301293     
 -0.206589770815784     
  2.562993167965586E-003
  0.147113289997058     
 -6.762654084761366E-002
 -0.413261309098485     
 -9.983963481817007E-002
  0.190205401759748     
  0.266396860950523     
 -0.146076850505040     
 -0.288044987570605     
 -0.193479199406034     
 -0.488397210629525     
  0.434024186689343     
  0.509083671410586     
  0.429840354636857     
 -0.249290996763989     
 -6.812395147578194E-002
 -0.175160925596499     
 -0.180627381342142     
  0.169179942402966     
 -0.256658236166738     
 -7.835472739089619E-002
 -9.091432387768598E-002
 -0.322350190767799     
  5.802353253016196E-002
 -0.174662611723404     
  0.354164948080979     
  0.440046519311170     
  0.516074323841724     
 -0.357130421162403     
  8.664037778569304E-002
  0.504020570554617     
 -0.371632493868194     
 -3.822962339974585E-002
  0.399770972611580     
  0.232296398295391     
  0.499070264432917     
  0.166785823551407     
 -0.461881808965599     
 -0.283461470593447     
  0.371844407510708     
 -0.101164955869453     
 -0.289124423542074     
 -0.202937695047595     
 -0.424516893901209     
  0.238121466317777     
  0.226039427555014     
 -0.495736868843229     
  0.384921334150656     
 -0.143203146387775     
  0.244092827011068     
 -0.222205746859467     
 -0.243892206789776     
  0.230397125289760     
  0.321937199615458     
  0.189831335086062     
  0.424547629591659     
 -0.225203345888914     
 -0.207923119360059     
 -0.274877613692199     
  0.119194802510102     
 -0.147547921576717     
  0.360747232106434     
 -0.389280106746476     
  8.181761591776920E-002
 -0.230070863080500     
  6.662538963580564E-002
  0.364733859931777     
 -5.992471399315583E-002
 -0.275804582617656     
  0.496932070460785     
  0.432331819734137     
 -5.766418980726040E-002
  7.117815493357499E-002
  0.208517270048316     
 -0.213682807706242     
 -0.493446571795435     
  0.245017806219457     
 -0.228868127633548     
  9.539906152080391E-002
 -2.122170628026216E-002
 -8.713006470071832E-002
 -0.419797122796430     
 -6.092541515722603E-002
 -0.380601202035875     
  0.138522319538836     
 -3.273770504603788E-003
  9.136800342972802E-002
  0.312093210914968     
 -0.316545948798498     
 -0.506073800479697     
  0.344803955431099     
  0.157726613326177     
  0.585952638427355     
  0.293746733654867     
  5.070776853304712E-002
  0.231421228217763     
  0.527661265735162     
  0.125678781494279     
 -0.166306596929567     
  0.192150150152316     
  0.398533246407718     
  0.403870374024431     
  0.456782712698369     
  0.431056995757783     
  0.379878235847990     
  0.785042690572042     
  0.196652480910760     
  0.355004346090287     
  0.524904619974396     
  0.265028596412561     
 -0.191702920673195     
  0.398642696433766     
 -0.315971320138966     
 -0.360857346064296     
 -0.518325745872004     
 -0.322802386672812     
  0.183962223494161     
 -0.187088425626197     
 -0.166431730164935     
  0.426941830928683     
  0.455012413834776     
  0.455245921948212     
  0.514843091133059     
 -5.797482343212433E-002
 -0.329818429630714     
 -3.349919607882705E-002
  0.243899016736850     
  0.131601442067595     
  0.399976075573901     
  0.452429588503414     
  0.327401234863860     
  0.206505712049605     
  3.395585669663004E-002
  0.462373917049320     
  0.138271902809594     
  0.118552153548427     
 -0.218739868220108     
 -4.883737426344530E-002
 -0.260850175987513     
 -0.233373768138768     
  0.158713833786811     
 -0.538267694254455     
  0.179514931704505     
  0.340999323527510     
 -0.484202538930842     
 -0.190154048502374     
  7.046992695550162E-002
  0.119246424931043     
  0.278745802423971     
 -0.130233295211447     
 -0.437408355856481     
  0.437241016423402     
  6.322858729893617E-002
 -0.162241876448539     
 -0.182644314128474     
  0.292787658736542     
  0.130697136593793     
  5.392394368759428E-002
  0.547995073086525     
 -0.425171450760915     
  0.487619990380831     
 -0.218416288648773     
 -0.364542736021084     
  0.373515744835102     
 -0.501730376811688     
 -0.273587724745638     
 -0.182813687560592     
 -0.189831116281713     
  8.316836460416718E-003
  0.274528521294865     
  0.200440317260763     
  0.201699164642048     
 -0.194706638560244     
  0.227681150259438     
 -0.159714330775164     
 -0.339967944003479     
 -0.249246099156187     
  0.348269728344895     
  0.150959017552433     
  0.254995105339470     
  0.138953950490838     
  0.471693826229494     
  0.218006538828908     
 -0.275600989566765     
 -0.347581151418662     
  0.385557763376464     
 -0.319694854772606     
  9.915671387897800E-002
  0.237443029152942     
  0.200611933374212     
 -1.025144857121834E-002
  0.130024406567630     
  0.189347089957030     
 -0.222638022058648     
 -6.827828500902278E-002
  0.423600250354408     
  3.397442395547519E-002
  0.440992509355055     
 -0.402445622283135     
  0.501017234914684     
 -9.747356971190002E-003
  0.248398447377088     
 -0.446315137738614     
 -6.048166640864899E-002
  0.131854613668445     
  0.374833452524110     
  0.244090354378044     
  0.329157381903610     
 -0.309162394148797     
 -0.133045348880706     
 -0.122823713783825     
  0.288915742725067     
  0.570302912500763     
 -3.117077598050766E-002
 -0.319226382017661     
 -0.414496730753041     
 -6.124165649636346E-002
 -0.506799792956813     
  6.331081357856744E-002
  0.173112564383203     
  0.401600053323560     
  0.508211767165687     
 -0.443639013079108     
  0.412804454495198     
  0.409335494040025     
  7.076483376488911E-002
  0.543855305294868     
  0.295659319311675     
 -5.060459961413664E-002
 -0.568463993280512     
  0.517698431272860     
  0.207497976169284     
 -0.105226176205236     
  0.174906117566777     
 -9.129313153643227E-002
 -7.938020007802432E-002
  6.894234282021962E-002
  9.897310224933190E-002
  3.730666467564765E-002
  0.361087449773092     
  0.259543342923834     
  0.473185646608899     
  0.200908317828720     
 -0.459699452608143     
  0.298904814761154     
 -8.191698484357374E-002
  0.477036694728039     
 -0.316431911337161     
 -9.011305123980461E-002
  0.397931721609382     
  4.185574752178376E-002
  3.863249004251197E-003
  2.182764247961883E-002
 -6.143688726366502E-002
  2.243479370540320E-002
  0.111312951535752     
 -0.140909745427667     
 -0.479277009413596     
 -0.230278671170185     
  0.113341378816355     
 -0.269622914105304     
 -0.271492606599464     
  0.528873785901708     
  5.914171424725905E-004
 -0.277283524668228     
  6.536296367895151E-003
  0.289593623300050     
  0.325361062120657     
 -0.321148071933824     
 -0.358732052537942     
 -9.502596953094732E-002
  -1.20054052459126     
   1.48403628833407     
   1.34119543720971     
   3.74108398534562     
   2.17231267746381     
  0.478870120338201     
  -1.07210131536331     
  0.115445281853953     
 -0.366641477905597     
 -0.308229543360967     
  0.385948153336963     
  0.255004661239806     
  0.135589790624748     
 -0.470122382924585     
  0.471220080653734     
 -0.203617989398570     
 -0.207399376404397     
  0.238827309316899     
 -2.904225544554084E-002
 -0.112951387830108     
 -0.373781396519287     
 -0.143868088925402     
  9.207797665106487E-003
 -0.244289594287870     
  0.224916864340304     
  0.178102049175450     
  0.361480119045243     
  0.396792271408293     
 -0.111845260231639     
  0.216905687393128     
 -0.465752895529181     
  9.110197739702441E-002
  0.151230168050388     
 -0.274239390726629     
 -0.141326872443970     
 -0.280565517407084     
 -0.464541149900252     
  0.456911358849418     
  0.309687463096199     
 -8.240219219991096E-002
  6.656484878920699E-002
 -0.244302622093323     
  5.958538094820498E-003
  0.145403168787994     
 -0.208618914409079     
 -0.257948531419617     
 -0.340846333665159     
  0.395749781079480     
  0.367019246973930     
  0.492918140462673     
  0.475684067482084     
 -0.177389130147400     
 -0.378948799160414     
  7.593128840268082E-003
 -0.382029338009726     
  0.232975138734358     
