  0.463959935223111       5.729508947300564E-002
 -0.438022287892218      -0.401899572303678     
  0.256166177235669       0.479188830010567     
  0.215256244806952      -1.233451664979720E-002
 -0.428605408600048       0.573212495887624     
 -0.438861444711181      -0.300096522863417     
  2.216204331493438E-002 -0.176982672909648     
 -0.135396206185033      -0.330789481082694     
  0.457630502244205       0.457872484409096     
 -1.735959290708854E-002 -0.466637953347997     
 -0.446570549822287       1.835965495462467E-002
 -0.197472577612755      -0.428427950063768     
  0.393856921991244      -0.458638968430749     
 -0.345108376684333      -7.838927699737407E-002
 -5.128476591613518E-002 -0.226042813053467     
  0.331762629405275      -9.368310113017002E-002
  0.335401716681534      -0.118209321548587     
  0.466226478505122       0.249498384487225     
 -8.614074574981494E-002  0.331853142897263     
  0.518673962497729      -0.656154831461716     
  6.898818198983971E-002 -0.119567489318893     
 -0.345318298408894      -0.374497982374355     
 -0.522234470693899       0.462885325927423     
 -8.011558547003972E-002  0.140793829629527     
  0.246685087756728       0.166417101383023     
 -0.269218248218583      -0.487427358064159     
 -0.380961472083429      -6.253611959133010E-002
  0.414044052341562      -0.120435692008175     
 -0.145192234680047      -2.166274884286496E-002
  0.222603923514004       0.178686147203326     
  3.896885363524709E-002 -0.479620240030216     
 -4.482028791497598E-002  2.137421627282052E-002
 -0.149828811299400       0.145418126489892     
  0.246886822949013      -0.260403845156125     
  2.335277512973201E-002  0.180189754387887     
  0.464855530122406      -1.046983647268856E-002
  0.272762338055557       3.078898175872891E-002
  0.437434764563114       0.204859561601531     
 -0.242623662291221      -5.337676012205570E-002
 -0.209692830120734      -0.317607447813895     
  0.160451923844240      -0.129248684003165     
 -0.561177842693160       0.688070390550580     
 -0.157505289007524       0.434643149768525     
 -0.307687372390288       0.137932051083688     
 -0.890725042514777        1.29509296678391     
 -0.461221011546840       0.171746684876511     
   1.87145728322591       -1.88286899169512     
  0.217805006178069      -0.430763994209082     
  -1.02533428929222        1.19331699941528     
   1.64902227716564       -1.25769944861285     
   1.93549035068792       -2.17511853849280     
  0.595363772396093      -0.218527711506752     
   1.39237705267282       -1.47860423758129     
  4.104990778346682E-002  0.283115419496624     
   2.35846245855839       -2.35875061236473     
  0.606130274325240      -0.729126791067668     
 -9.118767598183934E-002 -2.302114531055833E-002
  -1.21063990700912       0.778187366211978     
 -0.305913918480108      -0.141061421619705     
 -0.525086969985195       7.153344892842019E-004
 -0.158658770237836      -0.341602009737583     
 -0.570641400096558       0.699300664399297     
  0.635793284626162      -0.664456888967636     
 -0.237275297071789       6.428840246473946E-002
 -0.395446740416784       0.286988327549009     
 -0.269116744933542       0.673528052096348     
  0.264761003849231      -0.561150560494590     
 -0.179174509878339      -0.344052668737814     
  0.323419032213881      -0.211682759042159     
  8.632632903500376E-003 -8.599805604561914E-002
 -0.504031395747342      -0.271329743753906     
 -3.961563687256608E-002 -7.640619217416743E-002
  0.390624804950055      -0.129963248872896     
 -0.529369971671735       0.101518420349961     
 -0.311787991081356       0.446866404090873     
  0.447235263765574      -0.255446503621862     
 -6.004923096373112E-002 -6.467471089153786E-003
 -0.272782015798236      -0.102625083476378     
 -0.426841621249007       2.309045215581591E-002
 -4.839206467690214E-002 -1.191063797521364E-002
 -4.016653569990929E-004 -0.528583756875760     
 -0.325882615866788       0.412993043167963     
 -8.802287879356573E-002  0.190325790887266     
 -5.923457879749340E-002 -0.364651875110040     
 -0.379597480321019      -0.303167807252688     
 -0.113078619802140       0.232343083583783     
  0.348606488481577       0.273597094970436     
  0.109201432960162       0.389800942479347     
 -0.334434427773457      -0.476315734804287     
 -4.717302483269391E-002 -0.235619564816926     
 -0.430707998599405       0.437082940091902     
  0.248173898185675      -0.177379321559740     
  8.507640513296695E-003 -0.206816489706774     
 -2.584312175434006E-002 -0.111056344471513     
  0.240400439417998       7.259100087529269E-002
  0.214250804422206      -1.329347702750064E-002
  0.319161931587501       0.456183665449610     
 -0.257967648636719      -0.327116621091506     
 -0.251277866579156      -0.223026002901361     
  0.390589494013442       0.272452210429851     
 -0.144051652222027       0.144280541934063     
   1.45613766754139       -1.44550362956375     
