 -0.207531329525718       1.150834638031473E-003
 -0.133983990814973       0.296588343854036     
  0.288637796039020      -0.152502686314404     
 -3.609643590151059E-002 -5.539594083235341E-004
 -0.186201539388501      -0.460893423939976     
 -0.444236968242595      -5.184394687117031E-003
  0.422074313649928      -3.641885971916999E-002
 -0.179243934594939       6.613500112667307E-002
 -0.156726251207172      -0.294524803786864     
 -1.623191857144910E-004 -3.193407854452529E-002
 -9.423525285192738E-002  0.353481046932062     
 -0.291078397458309      -0.316068715270639     
 -2.839004382837998E-002  9.897640992255352E-002
 -0.343377232874095      -0.412880521432761     
  0.222823053013532       0.322066448119457     
 -0.310498645125261      -0.337917133719066     
  0.330009295694299       0.358758763305058     
 -0.170606146306339      -8.967196831403132E-002
  1.938530259670347E-002 -0.103554640025677     
 -0.402818287382943      -0.208225492612717     
  0.129403737755483       0.384356143489204     
  7.962577427449127E-002  0.206790849229922     
  3.305431931339692E-002  5.887993094796756E-002
 -8.094188810595632E-002 -0.258738494636583     
 -1.158359349804351E-004  0.209922145215170     
  0.333252276619980      -0.361259157475854     
 -0.306645714134248       0.131862682686092     
 -0.230564894140771      -0.217844991929117     
  0.263784862752260      -0.456871308607607     
  0.308771868408324      -5.488019578693273E-002
 -0.368681699356013      -0.253340011092338     
 -5.098484260001411E-002  0.131400899790232     
  0.103861668661576      -0.370317470745047     
  7.698770271068485E-002 -8.839414646675808E-002
 -0.245758627532714       5.974338120969907E-002
  5.534853709605677E-002  2.813427183175264E-002
  0.179917332736161       0.125945896367880     
 -8.042865766776271E-002 -2.254013772612994E-002
  3.964326435016574E-002  5.812265428285046E-002
  0.117330534783876       1.732320918865896E-002
 -0.423368532992193      -0.343648996995295     
  0.199010544555425       0.220901762901717     
  0.297261913665348       0.324409333548310     
 -5.160848842333451E-002  0.111409677620178     
 -0.161275433900317      -0.116526858677107     
 -9.615815194575909E-002 -0.117282218037019     
  0.810820609485483       0.831698592175197     
 -0.309614827326657      -0.130803877570860     
  -1.97998503366500       -1.98360557346515     
 -3.467724612063811E-002 -0.109389385863975     
  0.407752335898399       0.275053935280780     
 -5.930585157968164E-002 -0.264850776305552     
   1.27737120220235        1.26977676033599     
  2.072847820527843E-002  0.167990533326063     
 -1.020627169317654E-002 -6.407125091686065E-003
 -6.500572972384781E-002 -6.891233592307605E-002
  -1.88262932331429       -1.88556027370540     
   1.15152792402697        1.15548799309742     
 -1.250052787226133E-003  0.159728398437700     
  0.213127380834017       0.229951297189158     
 -0.373374764462454      -0.184177644631067     
  0.230919965550284       7.151672158257566E-002
 -0.179547752880560       5.727319883632128E-002
 -0.288735683441231       6.664495974746121E-002
 -4.058340856487772E-002  4.690619915944013E-002
  0.529636971207999       7.585306914194663E-002
 -3.024361728358849E-002 -0.187300081668961     
 -2.977282676385146E-003  0.147879627715580     
  0.115141521570037       0.272381329193843     
  0.492022994597936       0.586015966483280     
  0.376131762752108       0.149131454182901     
  0.305725908050217      -0.106364801918868     
  6.799995794529656E-002  0.436935037841013     
  0.143487431667785       0.366073773547314     
  0.105168637265388       9.193973252202943E-002
  0.342517180420135      -0.104590069032502     
 -0.117612795649263       0.472970158474259     
  0.254225994571274      -0.315988865499104     
  0.102875234244982       2.230893792217399E-004
 -0.373599531232867      -0.235432669889487     
  0.287635111134517       0.495917803046754     
 -9.523191841098524E-002 -0.374245948116931     
 -0.203839179115501      -0.357955872922712     
  3.246714997756463E-002  7.371608273033281E-002
 -0.336731009755722      -4.084945080769750E-002
  0.551137681879634       0.514395537946333     
 -0.479519039296213       0.150711552953571     
  0.475751181558465       0.268625976193838     
  0.324030642411279      -0.246184161170887     
  0.352705434103732       0.430042923261961     
 -0.451627243572554       0.296119519264162     
 -0.166322221675173       7.748145165870626E-002
  0.114320476703251      -0.375228519584336     
 -0.181406890984133      -0.226333748156742     
  8.660106592216933E-002 -0.524527286229043     
 -4.336576616448876E-002  0.248553853045375     
 -0.395237074388760      -7.029970680222332E-002
 -0.174598491717871      -0.268806079963755     
  2.932449837784627E-002 -2.137938146271022E-002
 -0.409823693294056      -0.417176395400252     
  0.530369483089841       0.437869651180329     
  0.699803451834088       0.739985347012666     
