 -0.425911635126980     
 -0.199345071561945     
  0.544734194071835     
  0.254024822358843     
  0.263982611993649     
  0.342281889501436     
 -0.521744114002423     
 -0.196439771664475     
 -0.430094887596714     
  0.509251562074105     
  0.476513725552891     
 -0.540258851962599     
 -6.985849388643078E-002
  0.269655928410263     
  0.389777265288276     
 -6.706897014417088E-002
  0.690057437445936     
 -9.454377266296564E-002
  0.760099936787937     
  0.674213643136949     
  -1.01114648839868     
   1.82251014671766     
 -8.016929278092960E-002
  -1.41919359049506     
   2.58499154637695     
  -2.08935944693566     
 -0.811644105474451     
   5.12580064868743     
  -2.94986845281419     
  -1.89655302845832     
 -9.336995548538835E-002
   5.28756584989723     
  -5.14214674139455     
  -2.77643297170952     
  -2.84753969922757     
  -1.54265829704912     
   1.09794885224263     
 -0.768505891267906     
  -1.93034004221386     
 -6.923801500688842E-002
  -1.11605167396759     
  0.173310034428399     
  0.115086407100207     
 -0.965977385675719     
  6.478774005992198E-002
  0.906419017680178     
  0.333044087592775     
  0.546758371297232     
  0.651965262421501     
  0.525647105454752     
 -0.542107738110611     
 -0.260416714288732     
  0.172469265028577     
  0.144625001815220     
  0.406881536534453     
  0.379037141663590     
 -0.274210132504548     
  1.782285694907602E-002
  8.941377911161104E-002
 -0.376056442742999     
  0.305812186183360     
 -0.137871647008441     
  0.193895674710566     
  0.203124962608855     
 -7.840125894207539E-002
  0.310252109986784     
