 -0.428298841740856     
  1.469172036188731E-003
  0.458577562730889     
  1.648753920472616E-002
  0.372118561410187     
  0.363589143549360     
 -0.482966002092183     
 -0.316112874450009     
 -0.529334941703366     
  0.316268174460130     
  0.566215426171238     
  0.459205722260370     
  6.357347885434463E-002
  0.672022941959147     
  0.819682133700728     
 -0.499248570414512     
  5.114730341358806E-002
 -0.199484397964748     
 -0.401299808806651     
  -1.07861914220203     
 -0.334739869701778     
 -0.254712336295059     
 -0.693543600798919     
 -0.409672932216810     
  0.967980156598786     
   1.30413025612591     
   1.74032627678327     
  -3.12282147615917     
  6.844561498911018E-002
   1.21386829116140     
 -0.508297916434725     
  -4.06764904777682     
   4.45718004338507     
   4.11115407576590     
  -2.98169050025203     
  -1.95699272194710     
 -0.601927151987972     
  -2.74817027877280     
  -2.21973689288863     
 -0.676459452049448     
 -0.729476589217049     
  0.801996328749716     
 -0.184684394093665     
  -1.23198447310971     
 -8.013408232344769E-002
  0.189754022460207     
  0.694766464193984     
  0.319967433680084     
  0.226607025110283     
 -0.341647491715670     
 -0.544355239487723     
  6.309228127797624E-002
  0.253318434401447     
  0.211115731741127     
  0.286090260642457     
 -2.748468424702253E-002
 -0.291608286868473     
  0.145435348247440     
 -0.262416439327083     
 -0.196752459263843     
  9.036194119260130E-002
 -0.153829817463820     
  0.381298874467845     
  0.246287527952290     
  0.354856074854763     
  6.647825395309837E-002
