  0.627035018716138     
  0.220991284778181     
  0.508355081432227     
  0.599925149905303     
  0.197492496733641     
  0.375655359028675     
  0.105730579026791     
 -0.475135652561902     
   1.34629022419109     
 -0.556144339758160     
 -0.471055745263270     
   2.49151793144223     
 -0.376866025971205     
   1.34693708275999     
  -1.86605415567877     
   2.94603028195409     
   1.07058482291282     
  -4.15837255190166     
  -2.95982842678809     
   2.13114022045424     
  0.522554385337194     
  -5.08738857180459     
  -5.84786859288838     
   6.01597291149402     
   2.33292662493268     
  -1.82875611254667     
  -1.60399764298252     
   6.51270758451621     
   5.97479668047211     
   2.68826742816144     
  0.487345165987493     
  -1.56333854753994     
   4.32650486487393     
  -5.05483315294664     
  0.496967751006111     
 -0.851238825353127     
  -6.27627104190513     
   3.69542227968643     
   3.81198772390371     
 -0.890622138786916     
  -3.51769531056661     
   4.83754583122576     
   2.11018910621594     
  -1.63864765743852     
  -1.29339615218904     
   1.13667814504624     
  -1.05344515827576     
   2.91551626700089     
  -2.08616006059023     
  0.566035502298369     
  0.422612751249417     
  0.257134345727230     
 -0.500122981709633     
  -1.37976035585335     
  0.694232445312165     
 -0.606175059577144     
  6.625342163481324E-002
 -0.742668258702882     
  0.892187266325031     
  0.260966585321382     
 -0.500452415025582     
  1.798156803960160E-002
  0.242888522518388     
  0.325967019407115     
 -0.471891108793607     
 -7.385142745792866E-002
