 -5.178202020648891E-002   1.10256041262800      -0.362023197993545     
 -0.579318934705041      -0.724834463948657      -0.291477974413201     
  0.780350369312121       0.584931637969901       3.719721754084719E-002
 -9.724773839973201E-002 -0.227268729798981      -1.913694135357628E-002
 -0.308097206322968       3.959935130288979E-002  0.338605583908997     
 -0.338884731055005       0.447792298456669      -8.818622245013971E-002
 -0.261847893879901      -0.424332577943990       0.967625103402692     
 -0.551327855463980       0.371002572183706       3.530608453556223E-002
 -0.629516771342755       9.155452029148574E-002  0.880383099963247     
  0.764638558509442      -0.147110989055714       0.342054166698765     
  -1.03322711982624       0.326269289372491       0.321571399115870     
 -0.257923922094622      -0.685460941551803       0.226905024087401     
 -0.586471324344834       0.464154475863976      -0.568258210578333     
  -1.14797845689887       0.758712326289821       0.238685819499358     
 -0.254787658783777      -0.152065863949372      -0.192271761634129     
  -1.79165499197080        1.14165819634311      -0.889979270671479     
  0.924685942911208      -0.232995022995743       0.212469154314796     
   1.54656212734330       -1.04019885412300       0.195138419052272     
  2.370101963532681E-004  0.608429023397191       -1.23697808266333     
  0.880698489380099      -0.221280809178900      -0.774286929702676     
 -0.135981837889456       0.605532720601580       -1.17963241767938     
 -0.407762188849757       0.236796215508862      -0.641204731944558     
   1.07241232735570       -1.31502027669190       0.917653170145345     
 -0.650812021823278       2.456076826087780E-002 -0.262716895302110     
  0.254594310672789      -0.230109404234800       0.457553367616110     
 -0.652845096610939       0.395252759753822      -0.862056201451174     
   1.41000079257325      -0.125948128925581       -1.36890744606100     
  -1.06514879352240        1.26466625924591       -1.80639521308189     
 -0.775067796705815       0.600197921372159      -0.744482235474831     
 -0.344239276137520       0.611571230283714      -0.949963836093507     
 -0.521660056085957       0.126968984678410       8.248010169773316E-002
 -0.794274914696437      -0.269649498283565      -0.294583595180652     
   1.28419939596555       -1.27302026027110      -0.344471860850240     
   1.06606909158670       -1.19882884180940       9.801976400367729E-002
 -0.469168356926890       0.110167675661731      -5.650246160671196E-002
 -0.320179277003592       0.516549199580795       0.535539175350827     
 -0.881099556037544      -0.855466970810210      -0.476724888365817     
  0.891772557130022       -1.31663372626941       0.913418506794691     
  3.978398537340946E-002  4.909549927266640E-002 -0.145718994188139     
   1.38506173909455      -0.173697953586381      -0.340739368038332     
  0.324503199813719       0.247895588672794       0.559001428062959     
  -2.44371121288019        2.12255460200079       -2.05431589243422     
 -3.088287839064517E-002 -8.553031262256836E-002 -6.489205666300082E-002
   1.83361262349475       -2.72881158635944        3.02377197439452     
   3.59916011324525       -2.21763434012735       -1.08529828384246     
  -2.98315352071843        3.86758574730076       -4.17518929470205     
   4.46551525713763        2.90970532455701        2.33065047256497     
  -1.88117260732446        2.75738193916931        8.11769736569143     
 -0.392730786296687      -0.351368564261206        1.74391225690974     
   6.11601454082702        2.79076069203549       -1.69478734836689     
   3.29876240767418       -3.37556416870222        2.95074085073606     
   1.56968568280577       -1.46740586879371       0.534538837255501     
   2.63755245485170       0.122886159650133        1.78050599802090     
  0.619222632319877       7.421612492768330E-002 -0.939740814046924     
   3.48922655444443       -3.65284822299633       0.562463868550136     
   2.33402779620640       -2.36417143082416        1.29330765017941     
   2.56725636131256       -2.12033323460342       2.351624583098677E-002
   1.09087761321710      -6.495952121247323E-002   1.51574587161605     
  -1.38838702244256        1.56226551955888       -1.43005186602011     
  0.244003351477986       -1.44748582975933        1.96226644298729     
   4.48118441536851        6.33440996870056       -7.78807336078446     
  0.756265732024486       0.999638379572925       -1.78148975748195     
  0.399857989296965        1.16644887923735       0.624010912244136     
  0.324948074243618       0.751263959009205       6.691531747881641E-002
   1.41734400487361       -1.73506260426876       0.797709700166186     
   1.21036216541339       -1.99504368943578        1.04045193195185     
   1.37701516725859      -0.326130339738699      -5.428822160996775E-002
  0.580353410609951      -0.164539482148867      -0.177455669674663     
  0.264550966179403      -0.563949549005473        1.56961295799867     
  0.631784292918181       5.488328758379032E-002 -4.172800093435346E-002
  0.213638372547261       0.236478009181136       9.294108858977951E-002
   1.05371038546245       -1.49997167539079        1.62167964041056     
 -0.117619309177855       0.737323672562271       0.612590064564286     
 -0.359538562498628       0.207101814921704       5.936360593715751E-002
 -0.466085001641779      -0.366875622981973      -0.275764692824084     
 -0.847526935573805       0.469203347959769      -0.973292533204779     
  6.596738603870271E-002  0.498405919423403      -0.507168430575009     
  9.702116117706659E-002 -0.376563505062806      -0.759919817966866     
 -0.569110208434964       0.635060590560611      -0.969852248106508     
  -1.57934739265833        1.85608077956617      -0.398790858721408     
  0.389959583320893       0.561094942754226       0.110988183697288     
  0.425353098033185      -0.303416619651838       0.362617715630996     
 -3.292998361129423E-002  0.784301384729024      -0.638619354720232     
   1.24797368051807      -0.981103895764428       0.788052953881980     
 -0.415919279909098       0.930260263604794      -0.904730646773540     
 -0.552074385154707       9.325551023603806E-002  0.903175853548286     
  0.212171673681003      -0.737395676936877       0.333667165397393     
 -6.513806064339345E-002 -0.320084903853582      -0.252425308327275     
 -0.532670283690881       0.307882264724974       0.555182460609536     
  0.986930427151032      -0.400478372558118      -0.263140519364315     
 -0.681015387646826       0.512019460188979       0.685148775665643     
  0.146560784443360      -4.658402477587947E-002  0.529809477569882     
  0.227701648218574       0.661691881718453      -0.872965048575980     
   1.12598805077559       -1.17569326975956      -0.175627526194993     
   1.01485702876470      -9.815519925102190E-002 -0.989249503311541     
 -0.705638731625009       0.187640026330976       0.330182141806728     
  4.435504802957652E-003 -2.780643836063922E-002 -0.186482921868564     
 -0.437641581245640       0.278405613436071      -0.172662531805759     
 -0.411347289960717      -0.792620265794494       0.456449162546139     
 -0.385228838933870      -0.647211923794064      -0.168450463129887     
 -8.734878846312838E-002 -0.377542986822183       0.168813763856604     
  -4.62347701091083       -3.90423479419584       -4.33390444153300     
