 -0.416456758056539       0.250955670142334     
 -0.319877408330471       5.901593707268605E-003
 -0.475469233595870       2.918363603316019E-003
 -0.303178886612521       1.175490054053024E-002
  9.103551028162640E-003 -0.267048478880409     
 -0.126474552894713      -0.251575117103183     
 -0.415123879213459      -0.161691927864649     
  0.285688273539565       0.332240100653534     
  0.170784016040184      -0.401552968799647     
 -0.439009584833403       7.313319694856762E-002
  0.283830987820772       0.320063727973398     
 -0.165833972001297      -1.698233967689818E-002
 -0.353345003300700      -5.682819429518053E-002
 -9.877543090014311E-002  0.154984222488752     
 -0.526885135746385      -0.274841754758449     
 -0.263719043963005      -0.391206491676246     
 -0.305440865830363       0.500659703237349     
 -0.278526192973634      -6.709688458208424E-002
 -0.192241764578609      -0.315499744052551     
 -0.152327065683984      -0.417298766809540     
  0.180591412543428      -0.193736363604568     
 -2.085398571299317E-002  0.274581034243913     
  0.212280851920571       0.233966251434225     
  2.834613297599628E-002 -0.465596360307962     
 -0.202865704053338       0.595612707072786     
  6.121517771830461E-002 -0.175793602411593     
  0.138944771652532      -0.533372869888956     
  9.533138934900361E-002  3.119858073841502E-002
  0.237336780712096       8.426398841203248E-002
 -0.392115439920982      -0.127255957572519     
 -0.544838542285768       0.326123505028792     
  0.184481180037711       0.433038111781897     
 -0.427433970378526       0.209293581652071     
 -0.351703519163464      -2.433955053042577E-002
  0.519672805065067      -0.214609976945238     
  0.200246283396293      -0.126971603823262     
 -0.448375864816113       0.251201047510605     
  0.112432631879448      -8.831825184923281E-002
  0.176132431576240      -0.264309098932414     
  0.432048813516828      -0.375704981447082     
  0.689322809873440      -0.731845405908843     
 -0.569526876323299       0.529542242828921     
 -0.569133996203646       0.496167433360235     
 -0.768026510749106       0.534252632266430     
  0.162715979722563      -4.553738028455806E-002
  -1.54483741747460        1.43780809549117     
  -1.83430223082665        1.78464833604870     
  0.614521007695539      -0.837736681441709     
   2.99976540932788       -3.05945203261704     
 -5.270614082031354E-002 -0.239487733074584     
   1.20561587253760       -1.19567820430852     
 -0.227754513598403       0.301663027737615     
  0.811022947569359      -0.665266898130937     
 -0.973660655152750        1.00842929223006     
 -0.161013216522762       4.185194476124571E-002
  0.557822181112728      -0.427107098835002     
 -0.251213781320965       0.344377812461748     
 -0.665314967672320       0.636139510212400     
  0.327455649403002      -0.515645768121415     
 -0.277455147644940       0.142701973984678     
  0.211894946821528      -0.548942955538572     
 -0.821202214475836       0.788103915903694     
  0.234669108443889      -0.405686943824729     
  1.869332290996925E-002  0.401050376552524     
  0.427332134521421      -0.268116467546709     
  0.227904158238074      -0.326740749848810     
 -0.598976231252637       0.176630824693290     
  0.446906227164492      -0.624629122516929     
 -2.186880301624450E-003 -0.123421818630139     
 -0.290630101093597      -0.416750402277606     
  0.401006488375828       0.265168962879466     
 -0.439430655073457       0.432393912132373     
 -0.617246288479216       0.563525681085050     
  0.353439846932209       0.362774721184719     
  0.397490694663376      -0.339192007744785     
  0.408688279161260      -3.365693633198762E-002
  0.618389795296301      -0.410340334535902     
 -0.464581153033430      -2.843397975786474E-002
  0.559113583653275      -0.506140371107453     
 -0.443996943663920      -5.710537216347795E-002
 -0.302808898595286      -0.308718169841672     
  0.230834847441137      -0.366532185275613     
  0.170044474026593       0.373227224176352     
 -0.440433698408543       0.399995161997665     
 -0.135479109597488       0.106444193429941     
 -2.698128452927166E-002 -0.291356663481634     
 -0.316476734249194      -0.358568159486218     
 -0.516390595870775       0.401576562243826     
 -0.281592106415424       0.222724008449722     
  8.906750079085894E-002  4.590304994630142E-002
  0.261277397261567      -0.285597222692036     
  0.231732112295048       0.172519371073706     
  0.112162538253533      -0.183407125194127     
 -0.519822553074532      -0.514123985649983     
  0.520012042560696       0.454905090523769     
  2.757679122295673E-003  0.245168485814520     
  0.341987444759860       0.491713004634643     
  8.512001394477614E-002  0.389543418082788     
  0.466009484433336      -0.497065212817561     
 -0.246812986154419      -3.179338020171793E-002
 -0.480287323909169      -0.385084183592836     
   1.32675324244779       -1.45352537966209     
