 -0.453163648709102      -0.480677531850993     
  0.292786704857776      -0.301429472461196     
 -0.144519687719327       0.301770429928017     
  0.173270161546292       0.229402928167948     
  0.429385838405051      -0.134207627880119     
  0.101095339440947      -0.174049456903858     
 -0.411989985238657       0.395691825907033     
  0.431992580669656      -0.438141422119443     
  0.188558780462097      -0.297064731470027     
 -0.299280464693830      -0.131504304452601     
  1.716639019787053E-002  0.265462814670690     
 -0.441766688733567       9.942931269403238E-003
 -0.113918508657569       3.543295392701527E-002
 -0.333510799136653       1.734030253126048E-002
 -3.263979720993606E-002 -0.206221923977697     
  0.155610316951128       0.375005264926974     
  7.258585968505904E-002 -6.383700871440844E-002
  0.182690225986373      -0.417785016426452     
  0.241058478899782      -0.131316908221970     
  0.112560215186519       6.774305300451217E-002
  0.366482635910756       0.334826804458195     
 -0.218908388245737       0.265904442612753     
  0.351903687256315      -0.132323915465075     
  0.317418405952178      -0.412538462197510     
  0.329783120576728      -0.256773627118217     
  0.259462693151608       0.114290841438199     
 -6.108954586156917E-002 -0.140028450951511     
  0.162871713822653      -6.786341022825289E-002
 -0.502105683477381       0.361033712531240     
 -0.269658549125746      -0.184396199443173     
  0.232055099274247      -0.287986588314721     
  0.278298727547623      -0.498713363234628     
 -0.167098480722505       0.155067380205236     
 -0.346916992399553       0.435665895356288     
 -3.734902793330244E-002  0.130321929188444     
  0.213424024922383       0.272967943777422     
 -1.736128419607947E-002  0.498542434356432     
 -0.622087929435674       0.331740088069268     
 -0.782702481942324       0.571317485309176     
  0.685576510457578      -0.477273011999276     
 -0.540991585514925       0.324540237830779     
  0.443563482856578       5.262777676172401E-002
 -0.241488464641765       8.789327230091123E-002
  0.328625951858384      -0.129793002836819     
  9.750119472433857E-002 -0.351006932296215     
  0.199153831285545      -5.222817701459251E-002
  -1.71953149977250        1.68805962900231     
  0.690985616854360      -0.652471467479538     
 -0.252031199203727       0.471011395891439     
  -1.89943814885221        1.84904945657506     
  -2.81547319706394        2.81699503445891     
  -2.41213813151617        2.43691779082770     
 -0.794493448008425       0.828977929181554     
  0.735618214008378      -0.682995742162316     
  0.274229443330470      -0.455585265806620     
   1.99116420128579       -1.97717117748505     
 -0.413168799704340       0.456622696991703     
 -0.105344861173805       0.141926513598869     
  3.380567831176593E-002 -0.252664297608262     
  0.165384384405303       6.319740734137902E-002
 -0.566457244437668       0.721830559105001     
  2.222429028457951E-002 -0.169499019885627     
 -0.567270412109568       0.263742735412488     
 -6.184256710063833E-002 -0.317638567306889     
 -0.206220405053670      -7.149331585960514E-002
 -2.957020411575153E-002  0.246562143649570     
 -4.637611795404428E-003 -0.133206200805644     
  0.109373673209574       3.888391652554187E-002
 -0.478160495353513       0.595477568129803     
 -0.403339369464065       0.134163954924813     
  0.477119795934949      -0.223445852513410     
  0.175402911734608       0.207659739988628     
  0.101134579705123       0.181439828972997     
 -0.113341717454285       0.486900144575133     
  0.204414364873145       0.356313912421734     
 -0.415646742025887       0.139415449314778     
 -0.402204052012095       0.464143580997551     
 -0.409121325725683       0.519147791353718     
  0.390238395046612      -0.392754265309162     
  0.530983559538564       0.111834184856632     
 -0.431498854972855       0.161335843285036     
  0.426117188300963       0.106247089696140     
 -4.950528586504641E-002  0.528299628545914     
 -0.293610051031731      -8.627710752127505E-003
  0.251791098674776      -0.127646635773998     
 -0.108021062172173       0.373558572094034     
 -0.177798642253020       0.462163153590437     
  0.605534725104151      -0.570400572921716     
 -0.378447237464445       0.531599171672770     
 -0.333708098131946      -0.443445070912832     
 -0.550191545987472       0.593850020316400     
  0.427567559818258      -0.300633702614346     
 -0.149388248582470       0.315148505460619     
  0.464175086056779       0.459782528017099     
  0.317323016663426      -0.256653899231290     
 -0.250365435766766       6.725060276984636E-002
  0.408172042370797      -0.298944957236317     
 -0.247521686361405       0.222932045071797     
  9.002408651585955E-002 -0.372739177244262     
 -9.827240352600569E-002 -0.472808748782680     
  0.178954336346423      -0.142725339494375     
  2.937461854949966E-002  6.585809028371518E-002
