 -0.654950159574209     
  0.694375815474871     
 -4.358110972218956E-002
  0.577495625922437     
  0.298403290156682     
  0.996098714667437     
  0.662861514363233     
  0.915298469309783     
  0.100091840822835     
 -0.667559466154901     
   2.06022353757672     
  0.162242471349913     
   1.39231023740045     
   1.25862184895895     
  -1.04351726978679     
 -0.179311647442149     
   1.09024032020053     
  0.491435360704472     
 -4.470787434073209E-002
  -2.56697567013373     
   3.16397560965828     
  -6.36167081732311     
 -0.728922977029624     
   3.22954771059011     
  -7.92929024024396     
  -8.48472710230310     
  -5.79226474078802     
  -5.88898090572523     
   4.35772341990542     
  -1.61681170603166     
   2.67963672256265     
   4.04204685412669     
  -4.84592219856268     
   7.62322919236187     
  -4.95438744412653     
  -4.50903965589437     
  0.588225091937303     
  0.440426362415658     
  -7.59655035821439     
   3.83590656035819     
  -1.83435549446554     
  0.356224137446598     
 -0.188107191057910     
  -6.27076522086761     
 -0.383268812687690     
  -2.35497933546496     
  -3.62029441248785     
  0.515106910879044     
  -1.69779807761979     
  4.186801063587405E-002
  0.148171113197028     
  -1.02811344546638     
  0.133533625437799     
  0.187806461880627     
  0.898195121636377     
   1.22036477241769     
 -0.168625262427948     
  0.484110620454860     
   1.07126253928346     
   1.04107573151796     
  0.580229176307737     
 -0.602840069638816     
  0.220482578890039     
  0.468812108023482     
  0.325584792060851     
  0.104013673936547     
