 -0.583758478598791     
 -0.138051145517092     
  0.308384845608283     
 -6.671823784607837E-002
  0.198207871074995     
  0.357052060066729     
 -0.187324225714047     
  0.318221396400856     
 -0.169268042950650     
 -0.514412478839714     
  0.481669524393262     
  0.130302544919379     
 -0.179140614784839     
 -1.362355965166032E-002
  0.575884231476022     
 -4.109314498437447E-003
 -0.101560172483693     
 -0.534773800871145     
  0.522659846941821     
 -0.525718784198070     
  0.476637069231504     
 -0.604748365121452     
 -0.411166309688364     
  0.301442959172717     
  0.250469184446308     
  0.265830796742914     
 -0.192110028470193     
 -0.373919482605396     
 -0.189660257390902     
  0.264438795795889     
 -0.279851196413938     
  2.239648064270933E-003
 -0.410011330186158     
 -0.562403703552415     
  5.836906714139551E-002
  0.255255009792273     
  0.300728923413105     
 -0.127253225278632     
  0.439899378967137     
 -0.107177229786642     
  0.135050896321883     
  0.469790616438874     
  0.726446548789923     
 -0.250058532069099     
  0.269565942242212     
 -0.242687309515288     
 -9.502141927291023E-002
 -0.441068234736963     
 -0.218863068985571     
  0.187007856569851     
 -0.452617356382913     
 -0.693970380589259     
  0.302735955437817     
 -0.762350366461839     
  0.523876821971568     
 -0.527130291787637     
  0.190246132616124     
 -0.265092839377675     
  0.481666209851331     
  0.370100612989392     
 -0.239038176783169     
  0.473000860247633     
 -0.313125878421400     
 -0.640599915646915     
  0.276763271661956     
 -0.117142510247019     
 -4.900350833060980E-002
  0.677629662227503     
  0.337589435990591     
 -6.421615950151954E-002
  0.629002365186744     
 -0.317171847021640     
 -0.605928841921006     
  0.229194856686043     
 -0.614212413265412     
 -9.266820408003290E-002
  0.337477244475063     
  0.521106852509470     
 -0.143715340616914     
 -0.324596896721279     
  7.035306025732610E-002
 -0.487588795142917     
  0.490185060640578     
 -0.208636839808624     
 -0.289731874129654     
 -0.573402976590038     
  0.267354986099756     
  0.256809061603942     
  0.691100388354971     
  0.175015109743205     
 -0.171162837660057     
  0.385478028480101     
  0.137169035965198     
 -0.919616130498230     
  0.186994940685223     
  9.035757612048757E-002
 -0.444967878910135     
  1.846857690347830E-002
  0.338122139574553     
 -2.535204752679162E-002
 -0.214247230090107     
 -0.151019337543877     
 -0.469703098545327     
  0.281381590782613     
  0.150452403326529     
 -0.305945949647055     
 -1.257281422904664E-002
  0.249939660530923     
 -0.200907597595722     
  9.868615085002909E-002
 -0.248310526922491     
  0.589715735602953     
 -0.126479071626956     
 -0.523882218527124     
 -0.253045318342291     
  0.522536130702393     
 -0.345112466027629     
  0.322222996108103     
 -0.227562969719012     
  0.343535320442580     
 -0.132739787138086     
 -0.193268056176687     
 -0.273533800482336     
 -0.255985181416426     
  0.114659929334914     
 -9.126159830203209E-002
  6.566561354251257E-002
 -8.266806332401119E-002
 -0.421169260398508     
  0.582034457512214     
  0.311779823871015     
 -0.196831308029361     
  2.361706252119562E-003
 -1.039020123474248E-002
 -8.073795556469969E-002
 -0.472930370327020     
  0.575292985199282     
 -0.312126514424329     
  0.373213728683345     
 -0.673612680217568     
  0.294961246494793     
  0.486103153639745     
 -0.267201976085108     
 -0.516127536372703     
  0.249593368654011     
  0.250817948123629     
 -0.335449106787501     
  0.468325376922552     
 -0.276928388159710     
 -1.592882338506739E-002
 -1.271353267444430E-002
 -0.186049244477501     
  0.471147372091210     
 -0.900073753198721     
  0.465822677826944     
  1.813931169725019E-002
 -0.587891446822538     
  0.801142304422659     
 -0.299210500011043     
 -0.505069490827653     
  0.310804500371570     
 -0.140051875815453     
 -0.109183536277849     
 -0.382595547244508     
 -0.315777758421830     
  0.388737610799979     
 -0.314416433786520     
  0.290710120508557     
  0.410338203482707     
  0.297745481137025     
  0.437767875953326     
 -0.204124161133882     
 -0.620307493205219     
  7.481370072804056E-003
 -0.151370100521419     
  0.123876310894544     
  0.256743727363777     
 -0.439774895154279     
  0.592533074792867     
  7.271737697297470E-002
 -0.304947861149966     
  0.316333658048107     
  0.407798156927427     
 -0.110181116622167     
 -0.589219656468460     
 -0.444590287756497     
 -0.296135016919380     
  0.132268836277322     
 -0.122618145011579     
 -0.586713773863095     
  0.428709296606899     
  0.237691628056534     
  0.190683238565904     
  0.423617694076090     
  0.348134720386191     
 -0.713154575164293     
  0.692845838013615     
 -0.283961732052973     
  -1.22193110882927     
  0.541230767945768     
 -0.371050176090192     
  0.118653766264712     
 -0.645329028850715     
 -0.394475977074416     
 -6.175023213311068E-002
  0.218008683275193     
  0.137791564351328     
 -0.241953579226865     
  0.481227184997404     
 -3.054537979610508E-002
 -0.271792193189137     
 -2.804211394416619E-002
 -0.509016489864906     
  0.705128047644182     
  0.629042234396601     
  0.432740681704995     
  6.890125236557576E-002
 -2.736905488483652E-002
  0.387222828643256     
 -0.121420737708292     
  0.602583981598330     
 -0.102132360952950     
 -7.985231490588413E-002
  0.165237146639527     
 -0.174506608209207     
  0.647892091744039     
 -0.347687488001775     
 -0.476487998241836     
  0.221707797749881     
  0.238213469542644     
  0.357571765068267     
  0.143358942214467     
  7.589246507141313E-002
  0.488232383000557     
  0.142353245219629     
 -0.667027947264948     
  0.537164755598221     
 -0.683948094661627     
  0.140825981224351     
 -0.226494083006251     
 -0.242406725672965     
  0.364920086271432     
  5.105053646720024E-002
  0.116055409126489     
  0.194081579879082     
  0.568258362396024     
 -0.560038792494165     
 -0.174433542762723     
  0.387629893579570     
  0.293383525869545     
  5.213582275397272E-002
 -0.108441881751171     
 -0.536702691522488     
 -2.515253124935580E-002
  5.209027995705173E-002
 -0.451915749065537     
  0.582249148396953     
 -0.369121721580070     
 -0.268037454189114     
  9.940868114939350E-002
  3.200043284408115E-002
  0.610225807738415     
  0.457719143746096     
  8.382738228033768E-003
 -0.383553887458302     
 -0.469058841027163     
 -0.323126340589048     
  0.239182942841796     
 -8.319320378657399E-003
 -0.366931844237822     
  0.132137486158797     
 -0.286328987638963     
 -0.151178359048152     
  0.432808944758180     
 -0.653190275747404     
  0.326266372493065     
  0.584303684764386     
 -0.184933708556903     
  0.801821923010077     
 -0.578616868054722     
  7.783862473311721E-002
 -1.707467390286370E-002
 -8.157701703481049E-002
  0.214162943519881     
 -0.360549603100773     
  4.919918360240375E-002
  0.245352088103901     
  0.192709325419530     
 -0.441334894143467     
  0.471057523032461     
 -0.197154385456555     
  0.302489720779530     
 -0.467501837561428     
 -0.118121683902206     
 -0.331378635113718     
  0.539062088552706     
  0.109335509966729     
 -5.911182359773007E-002
 -3.026285277381023E-003
  0.797765867839172     
 -0.963121141131076     
  0.211034221087778     
  0.170484097093847     
 -7.524114191229599E-002
  0.238257657706147     
 -0.267890883111385     
  7.906496107180648E-002
 -0.243747481021340     
  0.217146674716663     
 -0.202931516027170     
 -7.104554273762208E-002
 -0.203901127182800     
  0.446113858230265     
 -0.335694107153454     
  0.491634932441439     
  0.230987385408233     
 -6.143557040523857E-002
 -0.283524520472264     
  0.310216124657923     
  0.452173262517684     
 -0.783765813554454     
 -0.469680753333847     
  0.551639996985915     
 -0.459026295813748     
 -0.480843126433313     
  0.672237214428470     
 -0.181122023852364     
  0.152814814191573     
  0.503282652430333     
  3.786048697103782E-003
  0.160050131367778     
  4.802546128009128E-003
 -2.650624516114923E-002
  0.442508764012701     
  0.353783294108315     
  0.422468404585803     
  0.412386165542344     
 -0.496980741455555     
  0.169391230863679     
  0.646565981570732     
 -0.283549728863693     
 -6.142951965161289E-002
 -0.307997513562517     
 -8.701302487764954E-003
  0.224891284018467     
 -0.426256271583046     
  0.493503467390321     
  0.246453321743074     
 -1.503957142911781E-002
  0.132375821748282     
  0.101759116061787     
 -0.486615044094435     
  0.669907427671280     
 -0.444952395280533     
  0.177698102553584     
 -7.700777607722208E-003
 -0.527750489478251     
  2.862059570562854E-004
  0.136675776477678     
 -0.146233007160757     
 -0.177959649055860     
  0.549738691701891     
  9.176586798360599E-002
 -0.876959174070657     
  0.477453625210034     
  2.345140193274185E-002
 -0.838923203143462     
  0.330774555321174     
  0.169364136820162     
 -0.967687830885063     
 -0.334973351076893     
  0.681809018889943     
  0.376615155806373     
  0.249483874103890     
 -0.527310992389414     
  0.220910092868799     
 -0.326334061275090     
  0.111251415964738     
 -0.374283601924977     
  0.209784668633156     
 -0.500495686840012     
  0.131504926095800     
  0.384222806813185     
  0.255185218527337     
  0.114801802890706     
 -8.308606930604980E-002
 -0.755337476458606     
 -0.204249721570202     
  0.228348711689269     
 -0.183257306420743     
  0.766622489634405     
 -0.165977326844191     
  0.127076155643262     
  0.304548825221427     
 -0.382549571237068     
 -0.515036805284519     
 -0.231077347680561     
 -0.163347663191938     
  6.754881016508472E-002
  0.590706797357164     
  0.251765805304365     
 -0.275351544116797     
  0.770679257207225     
  -1.03124992710609     
 -7.798922255517998E-002
 -0.664666303798528     
  0.332389458018236     
 -0.645025825769639     
 -0.793964858230851     
  0.362464137413576     
  0.246970928963257     
  0.273724546341280     
 -7.398350041565245E-002
 -0.310416009455858     
 -0.154256208601170     
 -0.128905379966117     
 -0.432569740672515     
  0.462413111334502     
  6.412700151024082E-002
 -0.324314690564610     
 -0.469866668826979     
  0.143094877105923     
  0.206683940831203     
 -0.420388682209429     
  0.445783133672711     
  0.477149591296385     
 -0.596737356277990     
  5.654516687187733E-002
  0.418494970925001     
 -1.221947128821986E-003
  0.153685308110974     
 -7.385168159646666E-002
 -0.455266915794176     
  1.337303195744243E-002
  0.268511990681970     
  0.566287131200004     
 -0.226089270146691     
 -0.449548258720607     
  0.154382575259394     
  0.240082616759143     
  0.278152035147336     
 -6.386637705132624E-004
  0.395746543321216     
  1.918221510840595E-002
  0.532164162256613     
  0.268244746794846     
 -1.167741033360179E-002
  0.746999214703678     
  0.693234711677502     
 -0.759652637126594     
 -0.405634150862248     
  0.575532248241517     
  0.599149611761535     
  0.780769241887432     
 -0.291760829097110     
 -0.446759127022274     
 -1.817495900368177E-002
  0.251064250364749     
 -0.517935059574494     
 -0.157564161283924     
 -0.503603810541953     
 -0.302951797003523     
  6.257435116298468E-002
  0.534475490141404     
  1.297233012883103E-002
 -2.362908189476369E-002
  0.187927802570066     
 -0.495882718808426     
  -1.40028234896722     
  0.875556060984858     
 -0.255285226041080     
 -0.627590584723898     
  5.480483673147030E-002
 -0.421277807639603     
 -0.404694674454154     
 -5.351354094056060E-003
 -0.324528563377607     
 -1.191376936031809E-002
  0.545928450922934     
 -0.366899006840599     
  0.401352175285281     
  0.232245641337578     
  0.257803904579686     
  0.306365734596177     
 -0.444282836689972     
 -0.287957357457845     
 -0.383206753118706     
  0.895882904034407     
  0.359269453360972     
  -1.59306345906659     
  0.606410284559841     
 -8.285876086250905E-002
 -0.234946655611127     
 -0.585449716133120     
  0.209505981993736     
  0.329540815353668     
  0.172823138534930     
  0.437929854386816     
 -0.161133381317011     
  4.785301919044107E-002
  0.102666076056800     
 -2.846549610132120E-002
  0.322810313194477     
  0.426025853823299     
  0.479071374209232     
 -0.497093812521125     
  3.332302497832427E-002
  0.386568894019425     
  0.310880807417030     
  0.502574954487036     
  0.857423274844614     
  0.614964605938726     
  -1.10149492118620     
 -6.254546062882391E-002
 -0.261107843943506     
  0.137871585318110     
   1.25099055334008     
  0.548936058484509     
  -1.08160283131948     
 -0.255662327121101     
  0.234302135448048     
  0.101387820429687     
 -1.741164761676814E-003
  0.400536470625112     
 -0.384138273448676     
 -6.375046890697940E-002
  0.426131720822885     
  0.295617168476595     
  0.745732126296721     
  0.112536598766759     
  8.324384494472763E-002
  -1.36368605203403     
  0.565837281200983     
  -1.29844180613112     
 -0.225262953943895     
 -0.349945699418948     
  0.682720865057322     
  0.416689986335432     
 -0.215059248154413     
 -0.111936881758452     
  0.418158626640528     
  0.565265498289237     
  0.185114994739513     
 -0.519482320194473     
  0.206921101508019     
  0.491374335197342     
 -0.158818116476453     
 -1.947744867231969E-002
  0.474445548724332     
  0.110944937904697     
  0.658030585439093     
  0.280118179747615     
 -3.761425258625896E-002
  0.468611263512359     
 -0.802948661922346     
 -0.160206085164621     
 -0.333146436144803     
  0.110385587474992     
 -0.293389481070358     
 -0.147006564411328     
  0.653205449763479     
  6.138682795972935E-002
  0.295247250948852     
  0.371709071299259     
  0.465836210687299     
  0.232029849623418     
  0.228198114035858     
 -0.156635407956933     
  0.207631225660326     
 -0.154497326507866     
 -0.285417264800225     
  0.341720787703417     
 -4.791904485571292E-002
   1.68466530826364     
  -2.19878044150907     
 -0.695833288632840     
  0.385590136231517     
  -1.08975455623579     
   1.90800444435988     
   1.73880169888866     
 -0.850984723375267     
 -0.315752162622162     
 -0.744716517214623     
  4.754472162258135E-002
  0.441301539538549     
  0.153065021310253     
  0.221761299066801     
  6.060266431271134E-002
  1.540293940110723E-002
 -0.402597773601375     
  0.156482307465937     
  0.849112573973550     
 -2.184455823110306E-002
 -0.499381496559825     
  -3.86684922392356     
   2.04907617007545     
  -2.04723932078323     
  0.484397916518436     
  -1.60164435896881     
  0.959547644153662     
   1.32172494164383     
  0.224491579150069     
  -1.25431187996589     
  -1.01169312293819     
  0.160840113708051     
  0.236097888139010     
 -0.267422916832400     
 -2.158350202015883E-002
 -0.521008723442758     
  2.488480949381467E-002
 -9.856829008501099E-002
 -0.115552466174702     
 -0.725479467384657     
 -0.128668849920566     
  0.323555398719578     
   2.14129923582025     
   1.33607152496336     
  -1.44172950227696     
  0.741648238714033     
  -1.63533623561735     
 -0.409952379816195     
 -8.210105854900723E-002
  0.121366681705653     
  0.375269395720758     
  0.464872365208043     
  0.315689034326525     
 -0.469398701072497     
 -0.488696875848965     
 -0.110231159154179     
  0.444172459979207     
 -7.035000650430680E-002
 -0.406206105715547     
 -0.231808139878205     
 -0.979638476031212     
 -0.650522790032580     
  0.189177834019871     
   1.63126817080636     
  -4.68796829108419     
 -0.419992729212388     
  -3.05894186997609     
  -1.68657041885515     
   3.69424383370809     
   3.30398059101551     
   3.78049373101909     
   2.57878311292344     
  0.837844397611609     
  0.140859791184389     
  6.296939894436808E-002
  4.228862144981256E-002
 -0.518327894208193     
  0.543599885305068     
  0.387858275925027     
  0.433205303344996     
  0.283330720614262     
   1.23669798709395     
  0.181721707841316     
  0.135250253203397     
 -0.260040711343437     
  0.877953427074966     
  -2.68942938118730     
   3.57351821847081     
  -2.34682143401356     
  0.290348818029902     
   4.06830187290198     
 -0.740470926365066     
  -4.18509288874491     
  -1.88593049109284     
 -0.158968053176360     
 -0.368427300160734     
  0.440474553765723     
  0.675249389480150     
  0.361202438154656     
  0.213651192993526     
  0.213504812199552     
 -0.350083034800753     
 -0.599324201638885     
 -0.726162049343810     
  0.421129135195104     
 -0.525400164838783     
   5.54699825031893     
 -0.831562120834407     
  0.381306856041848     
  -5.44704939110380     
   1.76121283667771     
  -5.07593450779517     
  -3.44280245019106     
  0.865914689933903     
  0.968117386451897     
  5.457552804411437E-002
  0.525858922348175     
  0.187019631024912     
  0.137957183146851     
  0.500001905940725     
 -0.483186566666347     
  0.347333718231868     
 -0.123777559323487     
 -0.421340836252522     
  0.286633192017169     
  0.469865810051684     
 -0.415828799386732     
 -0.232630025805473     
 -0.828557390957394     
  0.895729873056832     
 -0.375500737557090     
   2.06362346491294     
  0.720201005093506     
   2.36273754146963     
  -1.02325146935695     
  0.509962586777354     
  0.458598827990257     
  0.427918310155388     
  8.769129039615721E-002
 -3.603616332569833E-002
 -5.786665394616471E-002
 -4.077960193947330E-002
 -0.275850344536612     
  0.277838233133416     
  0.447402828078426     
  0.631352788485158     
  0.105645265924276     
  0.660344884405669     
  0.162960985780813     
  -1.59368578700764     
  0.236414581816988     
  -2.30095286250270     
   1.58204104456366     
  0.669968234087570     
  -3.77025124412757     
  -1.48919355829590     
  -1.05843411612826     
  0.495516519030596     
 -0.148114568385936     
  0.602617130313152     
  9.095325862914125E-002
 -3.042998858268206E-002
 -0.213664992707367     
  0.636316076735808     
 -0.278247240574160     
  0.248562025689422     
  7.332642703699170E-002
  0.438389212136416     
 -0.385863113003778     
  0.934952882898925     
 -0.590963744890774     
  0.921423333833026     
  -3.61449877639067     
  0.511071861813903     
 -0.196576030529421     
  -1.34453457951021     
  0.956558816677392     
 -0.853398770730105     
 -0.345563037555534     
  7.077853307056556E-002
  0.208663692058059     
 -6.075867503101175E-002
  0.270259583409900     
  0.161690627412648     
 -0.527879497262626     
 -0.489202680706125     
 -0.209015833159706     
  0.137153595265449     
  0.616114146881213     
  4.482741652723885E-003
 -0.154176288513547     
 -0.341961894553681     
 -0.271472179913233     
  0.825397969974926     
  0.315590426151013     
  0.197309358372212     
 -0.883445230264010     
  -1.01533922286129     
   1.31294102372947     
  0.751799756534736     
 -0.138150867678898     
 -0.145695784337104     
  0.216327825617877     
  0.456901225965707     
 -0.237887870140582     
  0.485490077871017     
 -0.359330866597505     
  0.546978171473872     
  0.241494384613218     
  0.233062834931502     
  0.687932888707134     
  0.728912974177766     
 -0.498191378814722     
 -0.606966896273401     
  -2.05580781787050     
  0.361814543049815     
  0.132908668072954     
 -0.551561591204235     
 -0.511780961594919     
 -2.763841027297808E-002
  0.201265420743406     
  0.268849972639177     
 -0.288819296982554     
  3.092186081108744E-002
  0.529782912984881     
 -0.296668065520699     
 -0.400018681621466     
  0.270786728550119     
  4.606362005128700E-003
 -0.371067970909761     
  2.479484726702321E-002
 -0.676319155906191     
 -0.416908752509824     
 -0.825274810915126     
  4.655562136757325E-002
  -2.49917011148202     
 -4.538822267304496E-003
 -0.119136194854454     
 -0.533998866714301     
  0.314508197359760     
 -0.280456406623242     
 -0.662584096310886     
  0.208816677644628     
  0.555778775283868     
 -0.346485385710500     
  0.462424639478826     
 -0.132430602766310     
 -0.326782226720275     
  0.165871867309903     
  4.008068748339237E-002
  0.315896809447188     
  3.481073906216802E-002
  0.173376835928569     
 -0.134269739466893     
 -0.513206236154123     
 -0.537762032169389     
 -0.729551383609349     
  0.492002854054442     
  0.124061866685795     
 -0.154434421873065     
 -0.337320740459726     
   1.34445118695165     
  0.663050365980852     
 -7.585884583419168E-002
  0.384226352656399     
 -4.491278651040369E-002
 -0.535858055871119     
  3.340785517674137E-002
  0.412911743237059     
 -0.263105420918224     
  0.345774589602086     
  1.420563903765393E-002
 -8.342515171449841E-002
  0.290752504648830     
 -0.609802100164494     
 -0.577830140180124     
  -1.15774107859866     
  0.257109850281317     
  0.275910635182142     
 -2.182506252403880E-002
 -0.812970077932462     
  9.217866797280320E-002
 -2.237219052942928E-002
 -0.357091490825583     
 -0.172014565617955     
 -0.382930370830007     
  0.247347546146518     
  0.582093865284004     
 -0.447156436978915     
 -0.296203679758875     
 -5.633667892455775E-002
  0.280535005441447     
  0.256048200148574     
 -0.184627120540515     
 -1.670002061933996E-002
 -0.132705843770413     
 -0.725699453987433     
 -0.724210207965104     
  0.617979596388321     
 -4.015640044859198E-002
  0.222125022062379     
 -0.404250602089520     
  0.206677960075190     
 -0.382958389031476     
 -0.783453608474157     
 -0.263084579613560     
 -6.843890460827877E-002
 -0.309507589460145     
  0.325563827449654     
 -1.593493813860101E-002
 -0.477109882988660     
  0.161178406631484     
 -0.134234417698971     
  0.555398460399903     
  0.105971587390342     
  0.599390362268132     
 -0.422825269146172     
 -2.524941966823234E-003
  -1.06756700222016     
  0.352551436676668     
 -0.680795188756084     
  0.339769466772406     
 -0.373718370300123     
 -0.197631012199180     
  0.362684822933648     
  0.479119937762305     
 -0.280253950866272     
  0.509440005189924     
 -8.361198255087519E-002
  0.173670667501073     
  0.322938339103482     
 -0.162090079457507     
  0.318117030135793     
 -0.126163777773593     
 -0.230463330156754     
  0.486056351765807     
 -0.253395264585682     
 -0.278208163416814     
 -0.302020081566333     
 -0.839349190632471     
   1.13374581289419     
 -0.473046555132032     
  0.235424083419608     
 -0.419318717479239     
 -0.132674373356923     
 -0.241541955965873     
  0.441117581866271     
 -0.412809859578258     
 -0.530759306326409     
 -0.440477169620406     
  0.116808704982077     
 -0.452205008855909     
  0.416128154256995     
  0.280074038904672     
  0.456951459914880     
  0.236277163215900     
  0.170387512679739     
 -3.339968505365654E-002
 -0.507484055441316     
 -0.220432671462583     
 -8.723060038782574E-002
   1.06006273281751     
 -0.316647782283633     
  0.215048719617855     
 -0.475049828589623     
  0.112150721240717     
 -0.420190146816531     
 -0.295601229199265     
  0.382379421370766     
  0.512748299098569     
 -0.189371782089335     
 -0.440421316643705     
 -0.245763939258958     
 -0.366896860608179     
  0.314851851525088     
  0.292474090960947     
  0.215924319038876     
  0.204825930596190     
  0.187486776962444     
 -0.701284272635044     
 -0.827919623779355     
 -0.174032963870448     
  0.293506721856146     
 -0.379018828827030     
  1.449334803670095E-002
 -0.513199431010628     
  5.617527608543815E-002
 -8.382274262496255E-002
 -0.321737432464307     
 -8.463040347667126E-002
  0.608298767703234     
  3.210314244478615E-002
 -0.517410231959450     
  0.148893055773699     
  0.168244373076907     
  0.509100045194873     
 -3.846085687401322E-002
  6.337350465812550E-002
 -0.237114507881451     
 -0.591300508763061     
  0.366643142137497     
  0.485673835336690     
 -0.424167348149164     
   1.63826708466604     
 -0.304934747689475     
 -5.444315663333479E-004
  0.315510086347341     
 -0.231372587766439     
 -0.140895164700656     
  0.560615843598302     
  0.155419163408295     
 -0.129995355311775     
 -0.484982489358351     
 -0.289136654490610     
 -0.495509177446014     
 -6.318713576146288E-002
 -0.344426008043933     
  0.424384959446455     
 -0.433922399461448     
 -0.306178861545012     
 -0.187674393536230     
 -0.317317244816075     
 -0.106520660250600     
 -0.537788366815830     
   1.17188791609834     
 -0.404143715286636     
 -0.113553371434893     
 -0.126491763582830     
 -0.118124884423731     
 -6.911869277161731E-002
  3.329501148894826E-002
  0.229510681339498     
  0.466717417723404     
 -6.524456860137903E-002
  0.288274716223984     
  0.101379024864121     
  0.246285983117107     
  0.181941553932741     
 -6.347404436468214E-002
  0.272999824294739     
 -0.450438793561870     
 -9.977368049085503E-003
  0.393775397850122     
  0.109254870814902     
  0.314503338206143     
  0.724391793794011     
  4.530845761455389E-002
 -9.246576501491836E-002
  0.342673749125846     
  0.236065549690302     
 -0.591193162652045     
 -4.809649420255110E-002
 -0.313876446632068     
  0.616663448647936     
  0.504011248756491     
  0.247054077396498     
 -4.487041995174601E-002
  0.512754944600558     
 -5.671681649196168E-002
 -0.390849300095982     
  0.146531338757353     
  0.441506669106906     
  0.366430527933893     
 -0.193733809460609     
 -0.336642420330092     
 -0.490270151166471     
  0.859421521970945     
 -1.417255808082402E-002
  0.161240713275530     
 -0.815972560115177     
 -0.181009527605658     
 -0.273222037688098     
  6.677433148067774E-002
  0.599077030788370     
 -0.348453266742564     
  0.231355564536544     
  0.263703776262776     
 -9.861363923975908E-002
 -0.284764007214890     
  0.303372961909563     
 -0.467282013620842     
  2.086583380188610E-002
  2.864799822480791E-002
 -0.332720755590264     
  0.505705514555213     
 -0.279315913084804     
 -0.151827445744917     
  0.430061084756460     
 -0.415130209029610     
  0.216810419556327     
 -0.586781184199527     
  4.890417895432873E-002
 -0.318935580444140     
 -0.392213991746671     
 -0.460414363641923     
  0.292959582009758     
 -0.337603100588047     
 -1.484319159558750E-002
 -0.298391866148429     
 -7.288854063649675E-002
 -4.840764561500699E-002
  0.290635851723813     
  0.349258893744658     
 -0.358734750385698     
 -0.171772792613744     
  0.506888613465988     
 -0.416897414062828     
  0.263542783066852     
  0.552974447914316     
 -0.435309750148541     
  0.131317533538432     
 -0.486438561259791     
  0.260095060840931     
  0.128076859909966     
  0.120594876012352     
 -0.310964980208644     
  0.703398495527414     
  0.186976959288402     
  0.507990397286719     
 -0.470529879495332     
 -0.282461980578635     
 -0.241137384434651     
 -0.458810115051181     
 -0.464397858241499     
 -0.372051668997959     
 -7.887933211531213E-002
 -0.170487632422685     
  0.510465572708854     
 -0.113573310743508     
  0.517211921956029     
 -0.330214267542430     
  8.928242269336249E-002
  0.262841101383105     
 -4.054911285428989E-002
 -0.209335081945283     
  0.277881698748762     
  0.680776036282016     
 -0.262018797888848     
  0.414041849113924     
  0.348237651310086     
 -0.516787635533529     
 -0.518423619556000     
 -4.826398090249630E-002
 -1.591655834027568E-003
 -0.407002467828905     
  0.283279225437714     
 -5.665956361161341E-002
  0.642196242800972     
 -0.822875784712778     
 -4.696548291904347E-002
   1.01440655905997     
 -0.537639038454341     
  9.569406649193661E-002
 -0.427200014239314     
  0.197640230545820     
 -0.261686762014200     
 -0.209630065225608     
  5.689355765086478E-002
 -3.020740703122117E-002
 -0.236108527937244     
  0.382001351727032     
  0.405438789113033     
  0.285677820456924     
  0.113718104500506     
  0.527071109747163     
  0.397306358660739     
  1.730450678361980E-002
  3.884137120027770E-002
  0.303959456090119     
 -0.483097561930891     
 -7.040458856299446E-002
  0.202582873680722     
 -0.589358063781467     
 -0.287573014238151     
  0.398375693656644     
  0.225921482159620     
  0.237840671242786     
 -0.558624230575306     
 -6.988811098349455E-003
  2.402424746789805E-002
  0.542750050181606     
  0.168084381971755     
 -0.378267762422871     
  0.403265614452551     
 -0.299323781668803     
  4.289286273098801E-002
 -0.131622942402829     
  3.969223799942045E-002
  0.753323953366900     
 -0.471362956244571     
 -1.958199625674286E-002
 -0.276757174287861     
  0.320468342820052     
 -5.507060142868200E-002
 -0.455503836487532     
 -0.403163531009897     
  0.252193522284027     
 -0.283892269326410     
  0.670863520102674     
  0.288639336988014     
  0.500576737501190     
 -2.185133992958748E-002
  0.325279459427302     
 -4.598448975682533E-002
  0.454040670753529     
  0.379625947471743     
  0.259998300209898     
  0.336680216502222     
  0.122221989392702     
 -0.190325600084195     
  0.435591423693374     
  0.220042298568532     
 -0.510624630865671     
  0.479825021207874     
 -0.395178197603212     
 -0.654764174847319     
  0.372340963419753     
 -8.280453721287487E-002
 -0.254948139363835     
  0.124276383743041     
  0.363581149127337     
 -0.365265203901185     
 -0.316327476918624     
  0.431051912619689     
  0.312057664341685     
  0.413552356066836     
 -6.522266827426298E-002
 -0.150440056102037     
  6.662263275679392E-002
 -0.133847028152148     
 -1.002841816137786E-002
 -4.746704322400728E-002
 -0.571283336701615     
 -7.378796730235580E-002
  6.254698859692708E-002
 -0.728968618821132     
 -0.317998207686428     
 -0.327817786439464     
  0.146663186593852     
  0.233448901095639     
  0.105127739227580     
 -0.245536537497723     
  0.547033273729260     
  6.113447448448013E-002
  0.378056868081540     
 -0.348762828388507     
 -0.365467915802612     
  0.499942203666142     
 -5.669562080287960E-002
 -6.573143325107166E-002
  0.554364312974764     
  0.923180960286092     
  2.182424711343528E-002
  4.202152869516503E-002
  -1.14064200580353     
  0.724244922267288     
 -0.472768652604590     
 -0.465793624554898     
 -0.327929544640794     
 -5.958418608283347E-002
  4.750701710716700E-002
  0.430311942439280     
 -6.630089439901857E-002
 -0.110968506254219     
  0.254757700243929     
 -8.661723697762346E-003
 -0.371758342772558     
 -0.344187044118537     
 -0.166928279230179     
 -0.462600876254202     
  0.365587245633128     
  0.349408510598610     
  6.945991326205822E-002
  0.445490263404378     
 -0.402991844998378     
  -1.05376243952164     
  0.400566744319354     
  0.103838572126782     
 -0.432932259565710     
  3.247222643489271E-002
  7.507826774841425E-003
 -0.245204731185194     
  0.384536317084113     
 -0.464900267722456     
 -0.350810564702643     
 -3.005455955175313E-002
 -5.476359062767992E-002
  0.410759768650102     
 -0.144776873884073     
 -0.261080730003470     
 -0.208145404507343     
 -0.279937270134990     
  0.362313594197872     
 -0.356105711355047     
 -0.243781548843861     
 -0.274011771427412     
  -1.68001632155186     
  0.110686256228520     
 -0.448462259409580     
 -0.387701191939721     
 -0.337126531886359     
  0.467686788388708     
 -0.311739346200841     
  0.159040093347047     
  0.121638923197630     
 -2.411069218794681E-002
 -9.857587479704816E-002
  0.736048025368002     
  0.461252013313607     
  5.722892569868977E-002
  0.270895237182790     
 -0.383081424766802     
 -1.409256943601159E-002
 -0.188623806021882     
  0.377882398913232     
  0.205630034177299     
 -0.119020469038297     
 -0.477997330258213     
  0.114130920286188     
 -0.986120789154412     
 -0.156386921407336     
  0.630754942571664     
  4.503650740573919E-002
 -0.268548907083833     
  0.297641508840903     
 -1.343162248404738E-002
 -0.272558145666695     
 -0.423324656925989     
  0.591915055455815     
 -1.433175131876076E-002
 -0.136902510132041     
  0.208188751471454     
 -0.224000422956489     
  0.361478340510952     
  0.125767315205518     
 -6.470219917265292E-002
  0.686926051734088     
 -0.306801883080470     
 -0.722545956748118     
  0.161036801307476     
 -7.671134291334022E-002
 -0.483901880295704     
 -0.448320775101830     
  0.105363652372639     
  0.189469740509163     
  0.185076547193577     
  0.248161584029418     
  0.342225583101697     
 -0.469846162446401     
  0.208929604030804     
  0.389810125781172     
 -0.744012529555947     
 -0.718631296811629     
 -0.937797101634240     
  -1.08196596695099     
 -0.749204393411366     
   1.45473578478029     
  -1.47861072195979     
   5.82785865334242     
  -9.43349127791154     
   5.83639276591480     
  -4.20866992843872     
  -3.80232321653211     
   1.46135760511502     
   4.22465216369615     
   2.57244551510061     
  0.588062946499683     
  0.255589825778283     
  -1.05200714413821     
  -1.26930447642137     
  0.215107879977499     
 -0.448487798331896     
  0.265599214829155     
 -7.361289992108350E-002
 -0.211795410214406     
  0.354684859120685     
  0.188855321892591     
  9.174007024633490E-002
 -0.124342985761534     
  0.167626447947479     
  0.298045035322738     
  0.243308377997751     
  0.284281298793051     
 -8.381836079966432E-002
  0.265018477478919     
  0.165934156647952     
 -0.144295670282735     
 -0.177152283647752     
 -0.398269560378519     
  0.283549650402913     
 -0.380633211471191     
 -0.302325412842212     
 -0.183114635741235     
  0.392475794429902     
  0.341123988390522     
  0.271294165127197     
 -0.358580379704682     
  0.339629113722297     
  0.146934871209368     
 -0.465295543515301     
 -0.222182486905951     
 -0.220918281274917     
  2.658638536234281E-002
 -0.162357464559134     
  0.258262253007609     
 -0.385933900338674     
 -0.391005861045155     
  0.364547982129025     
 -4.163132974748790E-002
  0.302470501253548     
 -0.377883487703903     
 -8.771668513019049E-002
 -0.254120482825865     
