 -0.472422251601097      -0.268981646479857      -0.181892271250047     
 -5.897839315945407E-002  0.186697217350533       0.116697420216277     
 -0.596344387493703      -0.237074597012685       0.388540694042818     
 -0.136532580471055      -0.644624963559285      -0.373336451828149     
 -0.108508376393371       0.134941518978566       5.079240602151876E-002
 -0.392689999327476      -3.705405400466339E-003 -0.117295690005281     
 -0.379031835312824      -0.170494778344217       0.449193086981901     
  0.302319288364372       0.451731754275232       0.622050979167328     
 -4.736470892031932E-002 -0.206894079885803      -7.915727156505191E-002
 -0.341968068320525      -0.200432456422417       3.834629480970040E-002
 -0.264314659446611      -6.696581690894496E-002 -0.300944563942694     
  0.520398563782582      -8.274521008690294E-002 -2.169109161347747E-002
  0.957404933038702      -0.511802571988728       6.337695556809382E-002
  0.259023566635941       0.434898535016233      -0.663643371858815     
 -0.304515731413291       0.283291850592456       0.369063302424245     
  0.100647681465321       0.451143000418688      -0.257957885476399     
 -0.179903618643254       0.467468355320814      -8.566641737345967E-002
 -0.238935710823224      -0.107257966910698      -0.138159267160736     
  0.643590167281134       -1.07038891505612       0.329061777250840     
  0.149026026754141       7.886375956108022E-002  0.290607407524446     
 -4.187929269255669E-002 -0.678639065939510       0.312361867304079     
 -0.396529495712826       4.440454541916793E-002 -0.329816846137535     
 -0.584475842535153       0.155044555151788       0.165287679262741     
  0.588965474360062      -0.596364754087751      -0.182365295533199     
 -6.803491658052870E-002  0.687437635333702       8.704796033135238E-002
 -0.458905871188009      -0.219399851529346      -0.142639261839565     
 -0.809499203250800      -0.111224003436566      -0.424169832016979     
  0.175696256334326      -5.245505993603148E-002  0.536163619489892     
   1.22066026923868      -0.974716615668268       0.279764757256889     
  0.861493301655153       0.211518313795270       9.060267861564714E-002
  0.569398114502806       -1.01428840866599       0.790028360617521     
 -0.252225726900879       7.188204462174666E-002 -0.132619294114368     
  0.538153203270989      -0.927872644586954      -0.613054616563718     
  6.733364633303203E-002  0.497377994287621      -0.333844329494718     
   1.26950167934308      -0.386387219021938      -0.278650973423439     
  0.651485080504063      -0.549480338200574       0.385813978862145     
  0.467220096289798      -0.575363915176576       3.977749962328619E-002
 -0.740127514107221      -0.819097333653878      -0.749118223483890     
 -0.349366804926738      -0.146153998293767       0.314760475500688     
  0.934979170124704        1.49352913396065       0.822404606583279     
 -4.162872107151994E-003  -2.45280976796753       0.738553311495304     
 -0.326330113920603      -0.566083191336362      -0.980531384482484     
 -0.600989773550204       0.945521443191594       -1.14399360148626     
   1.70026855838258       0.465113825103333       -1.12205499035225     
  -1.56234469257708       -3.32118637244113        3.86332116971329     
   1.21128332860490       5.140861387076259E-002 -7.134466525133148E-002
  -1.26372554045076        1.24987530919980      -0.181586200019515     
  -1.88328214891485       -1.72614005505342        1.25328923205191     
   2.91634050203705       -4.07387456380488       -3.38063694793291     
  -1.75611161823008        1.64975986633183       -1.61801238632819     
  -2.06131684833360       -3.32991528805512        3.32738533734714     
  -1.26223723407830        1.40688252524336       -1.07570388838144     
 -0.278490316455262        3.32607633076858       -3.48974121958114     
   3.97256579900929       0.523600296645081       0.432993234461367     
  0.658052191207728       0.392584485844105      -0.175111182918003     
  5.104053376134770E-003  -1.79634733132387        2.37342531455489     
 -0.872966175601826       0.856521144402520       -1.76607172133977     
  0.943032521464501       0.777532892372018        1.22013008890747     
  0.335062495879802       0.142328300778962       5.918579403970054E-002
  0.498788377354189       0.162258601497151       7.114924240104839E-002
  0.397540440995786       0.484567862873395        1.21328045337490     
 -0.477042848084095        1.01082615948529      -0.924581702135393     
 -0.121888071689391      -0.801867389270038       0.508893403736865     
 -0.839245549134077        1.16240450606385       -1.01997248395117     
 -0.224952770373072       -1.50380354799297        1.29383686367440     
  0.330419212638346       -1.44695408531580       7.500521766604840E-002
  0.402748118822195       0.385947007523248       0.616752051409552     
 -2.351022408629226E-002   1.21567511554492      -0.830307051892127     
 -0.793110360467017       0.548660395403651      -0.378389139129332     
 -0.149059035720456        1.09637791864680      -0.906837609500813     
 -0.193623179806839      -0.397983280482982       0.589155409292136     
  0.438973529118170      -0.397286520213169      -0.429680823976492     
 -0.302189226416416       0.780501736540715       0.400898453503217     
  0.416161223042058      -0.205628325669826       0.284073456307634     
  0.573640063087134       0.121563998482102      -0.643893457421536     
 -0.100749404620306      -0.642361517409908      -0.305987659034759     
  0.185147732908855      -0.399302339590031       0.478233901217271     
  0.395748552260441      -6.656556737592000E-002  0.315762781771823     
  4.206072104173142E-002  0.468802177187779      -0.197699045825596     
  0.746447328379981       0.102027646119775      -0.406958571781851     
 -0.310373155225216      -6.651833431829640E-002  0.464378908894986     
 -0.138339012684768      -2.619614619653245E-002  0.133229087281830     
  0.260801329083898      -0.190214660859703      -0.366861121521297     
 -0.560585645035312       0.390399914222143      -0.243308900588085     
  0.302910610145155       1.071742814343478E-002  0.304780784152862     
  0.772906714222069       0.543657395252320      -0.532351299173363     
 -0.282108610018280       3.107193484378062E-002  0.100812017025437     
  0.522412646805673       0.531021501710738       0.133976531216964     
 -0.282278209481553      -0.628465388514655      -0.573059663226976     
 -0.602505232796407       0.321022957033662      -0.302452198658503     
 -0.379773864088299       0.585820908324682       0.238122873466203     
  0.595908247876213       0.264134853355430      -0.266896039914466     
  5.751427757752563E-002 -2.359638012799625E-002  0.313572225833510     
 -0.260781290619621      -6.780631304125531E-003 -0.319759849789204     
  0.634559025752424      -0.827117213777413      -0.472318784739647     
  0.171371050764432       3.091437560282553E-002  0.234398905370181     
  0.289941253269449       0.314979656457072       0.387385122386147     
  0.385046009991305       0.288479468095794       0.313388088631195     
  0.461296375633366      -0.299145126853025      -3.612353084532578E-002
 -0.541982800460304       0.223620245300445       0.102237678518774     
  0.353203563277881       0.450810689234605       0.409666924112198     
  -5.02433272795147       -4.59426187679745       -2.95559092341547     
