  0.189012716207407     
  0.515181114345846     
  0.208064595165280     
  0.419577531233374     
 -0.354376832053100     
 -0.245297055973552     
 -0.211993187674955     
  0.345155468324166     
 -1.487120956005351E-002
 -7.948994226331346E-002
  0.218478090923016     
  0.150583169104227     
 -0.383137830340742     
  0.163863463822556     
  0.329130296762155     
 -0.474087003740004     
  0.244770600095703     
 -0.314785840914567     
 -0.284852653942324     
  0.380462311311731     
 -0.180754088921212     
  0.337854690956995     
  8.315912499861050E-002
 -0.389182195036455     
 -0.277956781924521     
  0.284644445769849     
  7.967866977578360E-002
 -0.133334675313114     
  0.232134164889734     
  4.077817944830045E-002
  2.603617280098752E-002
  0.224387513405311     
  0.280056969740465     
 -0.469452637169548     
 -4.968885917299683E-002
  1.325476519519739E-002
  0.205583538228609     
  0.435971574234173     
  0.536377847383432     
 -0.178557447498880     
 -0.429053883120185     
 -0.469242110544793     
 -0.314361235919478     
  0.442407156565570     
 -3.354194657973062E-002
  0.414238322271803     
 -0.102526787502553     
  3.324159942703291E-002
  4.999941390929048E-002
 -0.298170892933195     
 -0.186659812370144     
  0.120320336305158     
  0.180294368550902     
 -0.299099685051368     
 -0.457560125436043     
  0.276475353088882     
 -0.361530216829566     
 -0.146260965562831     
  0.400086530071025     
 -0.323736165229585     
  0.394225843777202     
 -0.281276635141287     
 -0.476171510880759     
  0.477155542443376     
  0.182101163865496     
 -0.177106869477889     
 -0.154832597289121     
 -0.174062697794485     
  0.437765406895061     
 -0.144099038415032     
 -0.118241909067502     
  9.562781906727424E-002
 -6.735781773934346E-002
 -0.436378399187307     
 -1.973924105550726E-002
  0.280492492300637     
 -0.339111990901235     
  0.485036869480037     
 -0.140773628846412     
 -0.167873263683737     
  0.148879956719482     
  0.464118907195008     
 -0.520406814795205     
 -0.491500632275689     
  0.231519188349841     
  0.264733125647843     
 -0.236973460250631     
  0.129085412953178     
  5.663185870002643E-002
 -0.204185747634968     
 -0.564130613636567     
  0.402943724336953     
 -0.331797260565421     
 -0.146751699607311     
 -0.426712458500953     
  7.535229896834135E-002
  0.426136085284999     
  0.192113811219177     
 -0.397942296015350     
  0.193979317524193     
  0.421530815200875     
 -0.314777859563209     
 -0.389702479697844     
  0.314850681449685     
  1.361653229373688E-002
  0.391831039459117     
  0.105229929434929     
 -0.424852605748218     
  0.168440722199231     
  9.292235423389550E-002
 -0.198137095248195     
  0.129776731480727     
 -0.211292321594694     
  1.408008542592200E-002
  0.333452607355112     
 -0.591832013897166     
 -9.522882539463741E-002
 -0.400604524453124     
 -0.430498328724124     
  0.134383008793528     
 -0.180957630009309     
  0.148782438966642     
 -0.314960901086028     
 -0.237229376429967     
  0.362993600566498     
 -0.241087707799791     
 -0.487442994829964     
  8.605943041729552E-002
 -0.268233710180705     
  0.237885118894055     
 -8.715076169564028E-003
  0.602678285109841     
 -0.352572271223402     
  0.370789099096388     
  0.669131590428406     
 -1.632414391037526E-002
 -0.370369913353317     
 -0.113052287779685     
 -0.368566002209384     
  6.104362213465719E-002
  0.432080582788424     
  0.128015589525942     
 -0.518257375970249     
 -0.313812700122578     
  0.396675406048074     
  0.496851656816340     
  0.378599028977109     
 -0.221819914940475     
 -0.262308646181773     
 -3.410916744292534E-002
  0.202913728433000     
 -0.467617223869928     
 -0.112052447741834     
  0.230319475074583     
  0.526179225994753     
 -2.738326053409248E-002
 -8.457308739192221E-002
 -0.218259116572781     
  7.190964568164669E-002
 -0.568612559205516     
 -5.513725357566492E-002
  9.611101973657414E-002
 -0.400712244606090     
 -0.447186832389473     
 -0.134721656134447     
 -0.175815671799730     
 -0.513835452358647     
  0.343208812811268     
 -0.426199606895042     
 -0.379433341624924     
  0.653997053724084     
 -0.189491499560086     
 -0.281528161348422     
 -0.153378590997438     
 -9.924640960753660E-002
  0.438263169556560     
  0.213767187206911     
 -6.643857492170074E-002
 -0.172819734002053     
  0.147289768943622     
  5.573609989087777E-002
 -4.872397458726479E-002
  2.719679250865361E-002
 -0.322188793244408     
  8.847917823320793E-002
  0.436010657075868     
  0.459648330901321     
 -0.240129799313989     
  8.847473257738199E-002
 -0.201997022639297     
  0.394057370280736     
 -0.191697544265970     
  3.457723315193090E-002
 -0.450201631036684     
 -0.234287396293389     
 -0.407068602103021     
 -0.339295216498568     
  3.883707960724012E-002
  0.146336951579870     
  0.110783211424221     
  0.247621437401252     
 -0.520957779716204     
 -0.322135551973878     
  0.390229157241852     
  0.184387637034042     
 -0.476322398870127     
  0.300154186983012     
 -0.430785181954047     
 -0.478324783217284     
  0.423882534283529     
  0.384546747363656     
 -3.656008843505157E-002
 -0.510612439395001     
  7.073426420042146E-002
 -0.165267518961932     
 -0.276883323092376     
 -0.553070476395661     
 -0.229994866595522     
 -9.458906593805741E-002
  0.315333695015832     
  0.405167164168129     
  0.304012285312781     
 -0.190628876675030     
 -0.581057845301898     
  8.025021793871093E-002
 -0.291000590554801     
  0.524140244630396     
  0.355017317773665     
  1.420067849398576E-002
  2.324098517759565E-002
 -0.348753308123259     
  0.368967116150579     
 -0.150596296904137     
  0.336061241138338     
 -0.340829816369801     
  0.207311376084931     
  0.226920825184749     
  3.102519837018422E-002
 -0.505783308635464     
 -0.318405131921309     
 -0.278150520025903     
  1.678100893114660E-002
  0.209830711116887     
  8.471353696372733E-002
  0.540068726453200     
  4.871995420838045E-002
  7.388486174507067E-003
 -0.384734769131815     
 -0.428547622468942     
  0.431819236270015     
 -0.423921712760112     
  0.211921690516838     
 -0.310149191071894     
 -0.441797375579655     
 -0.497209399146319     
 -0.227926686554231     
 -0.416743751995212     
  0.147495832146731     
 -0.641258051453595     
 -1.501154955979253E-002
  0.421619952898323     
  6.809931833850431E-002
 -6.758292988041868E-002
  4.539307638772491E-002
 -0.714099193242182     
 -0.337051958409097     
 -5.023437384355241E-003
 -0.404023194383694     
  0.402720561271391     
  6.331037928060909E-003
 -0.419239865458973     
  0.497141248401709     
  0.214793986966228     
 -0.158264457165009     
 -0.188253474652552     
 -1.351349886790672E-003
  0.401752020827043     
 -7.414078443307900E-002
 -0.256361928572393     
 -0.304023006648332     
  0.134717672531075     
 -0.453099865239316     
  0.117597797119262     
  0.389122934093769     
  5.370989513635768E-002
 -0.332304437936768     
  0.194003101034397     
 -0.226051075285985     
 -0.181561508835434     
  0.355828777910204     
  0.302189316195231     
 -0.176376896698168     
  0.440240916415616     
  0.245004580467041     
 -0.467105095642263     
 -0.112619715691469     
 -0.217641057828086     
  0.504494955666044     
 -0.257762817883640     
  0.383075025416000     
 -0.221997981532819     
 -5.699431121202139E-002
 -0.319000428302880     
  0.102252051164630     
  0.226357051097808     
 -0.149427621598026     
  0.297807771773749     
  0.323682501459828     
 -0.155750900426352     
  0.308572903868003     
  0.290831384334297     
 -0.394509255958838     
  0.505805907726349     
 -0.371770768563020     
 -0.535773868764873     
  8.194240996382805E-002
 -0.449885625816656     
  0.220660290234225     
  0.214375199199038     
 -0.100821578085704     
  0.922403843307218     
 -0.445742076399005     
 -0.182261559212193     
 -6.514947276918282E-003
  0.196218630347929     
  0.147048161781534     
  0.185880253599293     
 -9.023673283082896E-002
 -6.026927202537105E-002
  0.400315412577570     
  3.552099583778348E-002
 -0.167188078536623     
  2.674650262402392E-003
  9.217352881573625E-002
 -0.253933701360421     
  0.321785114376185     
 -0.218082049561658     
 -0.507750740424886     
 -0.108131597470002     
 -0.463297337909848     
  0.441707792717144     
 -0.138994381053930     
 -0.626642476909573     
 -0.144240749295721     
 -0.298402388785546     
  0.226505446018937     
  0.403187628553834     
  0.520031320004597     
 -0.152236322469380     
 -0.100799871450888     
  2.064879264670405E-003
  0.160368947949057     
 -8.153069914278319E-002
 -0.501629319317422     
 -8.281397475120068E-002
  4.901831085685889E-002
 -0.290559478627875     
 -0.244276151452891     
  0.448329380905186     
  0.383911090644526     
 -3.517207993651487E-002
  0.183195352777654     
  5.312248716270922E-002
 -0.161999285978595     
 -8.142602952092534E-003
  0.135104344070802     
  0.228985360356975     
  9.975261675187934E-003
  0.226385060441559     
 -0.298460166765498     
  0.559793685650844     
  0.205765232555010     
  0.188867204351865     
 -0.352427527460108     
 -0.133740358213667     
  9.298500581390881E-002
  0.304473183861330     
 -0.305453583895759     
  0.534198579747239     
  0.104720398989062     
  0.110835914953102     
  0.339217524251058     
 -0.656731862800451     
  0.860939598994072     
  -1.14614828583239     
  0.242545087718845     
  0.201803297097775     
 -9.415123962213637E-002
 -5.442753965425843E-002
  0.403842378994553     
 -1.328452077469878E-002
 -9.118889830240536E-002
 -0.411670692522949     
  0.301207131241494     
 -0.158125829409397     
 -0.449735013515090     
 -0.221832120660437     
 -9.195829642934210E-003
  6.944787055207724E-002
  0.441812037617257     
 -0.104995933580118     
 -0.497523565253208     
 -0.289008652339216     
 -8.767012422512506E-002
  0.242874463707546     
 -0.694411619688213     
  0.282640595123062     
  0.181906376978952     
 -0.150416000334213     
 -6.345806631217116E-002
  0.433954726630258     
 -0.559388135813604     
 -0.240969784965932     
  0.472458646086470     
 -0.529024897654816     
 -0.416415665506454     
 -0.501010242758560     
  0.532715604357734     
  0.192102492670193     
  0.468715974942825     
 -0.109870397199984     
 -0.307313459648794     
  0.385970055901703     
  0.624689030472501     
 -8.685413090303357E-002
  0.433286944146790     
  -1.10060682314138     
 -0.298450512646532     
  0.342093391376162     
 -0.284195489188008     
 -0.253039766383470     
 -0.270931172631314     
 -0.464760014536265     
  0.285989046270147     
  0.336117144429074     
 -0.524344827810535     
  0.562684070394075     
 -0.171824152665448     
  0.484004754085948     
  0.257417822763101     
 -0.359657350747541     
  0.123910471595248     
  0.248968919827527     
 -0.250535770573109     
  0.368806992399211     
  1.081322642518060E-002
  0.497323879479039     
 -0.423825545954017     
  0.433238719929575     
  0.159192047565619     
 -0.573824519074064     
 -9.903360745579466E-002
  0.154552971587488     
 -0.178781938549460     
 -0.171455962400361     
 -0.325497199995816     
  0.345058761638760     
  0.251484253012888     
  0.200929992126824     
  0.334326871989313     
 -0.270803691271827     
  0.338827434260359     
  0.143949245986492     
 -3.077559187517381E-003
 -0.216080062849645     
 -0.470870748217878     
  0.286274027445610     
  0.489421387340744     
  0.197922383207860     
  0.220491009444336     
 -0.323993454776112     
 -0.517283651450465     
  0.139668947423654     
  0.260698143639848     
 -0.796818777498973     
  -1.08993523812744     
 -0.341589310294032     
 -0.213530597985103     
  0.254864041340051     
  0.427641929708239     
  3.625857577364509E-002
 -9.865811201391270E-002
  0.233912540320358     
 -3.401644106845102E-002
 -0.457838963588525     
  0.489613825955023     
 -0.340435169392152     
  0.271425326655510     
 -0.319952541978102     
  -1.65331293538488     
  1.306286151387249E-002
 -9.999193346064360E-002
 -0.195843566442906     
  0.264867747471669     
  3.687612751490793E-002
  3.959201736006149E-002
  0.978214679838445     
  0.463326945802486     
  3.964965926926872E-002
 -7.011921436087880E-002
  0.485991494793768     
  0.213880730039241     
 -0.379532077825407     
  0.370115175074674     
  9.149872173995016E-002
 -4.653574387242615E-002
  0.137912839120106     
 -1.169976183733743E-002
  9.059787389102013E-002
 -0.107862082417000     
 -0.686676553327883     
  6.980693790605069E-002
  0.296159464641269     
 -0.676068808616799     
 -0.193397194570377     
 -0.551798004896236     
 -0.548223059575309     
  0.432946407503244     
  0.356456644786680     
  0.260117720529950     
 -0.528272033561889     
  0.220792541893646     
  0.160416249196968     
  0.331429316679701     
  0.196599805530442     
 -0.165792040099948     
  0.140073726656904     
  0.352496423500502     
  8.168702631625371E-002
  9.904218201139062E-002
 -0.236109885458247     
  7.581303282664788E-003
  0.517703555715904     
  0.283987101179335     
 -0.775419996245521     
 -0.216395135117498     
 -0.186065282273263     
 -0.698982118389751     
 -0.328176996921130     
 -0.275638466122444     
  9.113838734683220E-002
  0.364417641454806     
 -0.445677256487948     
 -0.419090293866747     
  0.195451748374282     
  0.506047467408720     
  0.331179377177012     
  0.135378051774966     
  0.277807888709375     
 -0.187986096153020     
 -0.351948799192410     
 -0.429111721675824     
  -1.40629661795262     
  0.902268397565473     
  0.381578440454685     
 -0.434545290282860     
 -0.276266177264156     
 -0.163430629060120     
 -0.546389153293538     
  0.527342699530843     
  0.451911189784537     
  6.066210902818998E-003
 -0.174700501943852     
  0.167997914178468     
  0.382776411773607     
 -0.343069457198710     
 -0.129975399187521     
  0.386693953866939     
 -0.193490552228529     
  0.561036048950088     
 -0.233470819730395     
  0.551525186405088     
  0.323002408627626     
 -8.180683549834127E-002
 -0.620260217459508     
   1.44054592037013     
  -1.41831616661698     
 -0.489377936273716     
 -0.840615349835761     
 -0.318798268347179     
 -9.404101930797588E-002
 -0.106337425933088     
 -0.155461304644525     
 -7.748430314744956E-002
 -0.436950878985025     
  8.269056711666101E-002
  0.523911376463999     
 -0.324415498046295     
  0.422368991385592     
  9.774634000337966E-002
  0.328976230614314     
 -0.405206212146096     
  0.136049275698795     
 -0.227577395605074     
  0.600013373767343     
  0.610436014577165     
  0.370717188005600     
  -1.11280160376080     
 -6.422790355102510E-002
  -1.26348482118333     
 -0.407894738645420     
 -0.321600796856888     
 -0.489964775423820     
 -0.202057207876123     
 -0.481796276262565     
 -3.177292163278859E-002
 -0.383302402449697     
  0.422171943638135     
  0.522466758780053     
  0.156909300066705     
 -0.178665904714325     
 -0.185858414007419     
 -0.382734119114040     
 -8.913419630061717E-003
 -0.321515513681027     
 -0.889748900547066     
  0.600186404311605     
 -0.268461252424718     
 -0.580949934187650     
 -0.333762237484420     
  -1.39222021598603     
 -0.747423896071561     
  0.797725390531921     
  6.452200087080952E-002
  0.421095655965612     
  0.246758252858108     
 -8.750971844054570E-002
  5.678861555603345E-002
 -0.232720134703078     
 -0.310283095023145     
  0.247548338871026     
 -0.272974449886145     
  1.960408595623114E-002
  0.318388835140848     
  0.645159223136446     
  0.199737070294383     
 -6.152810679512144E-002
 -0.416346124416428     
   2.59694181804783     
  -3.83331832866421     
  -1.69886290254197     
   3.30492218164731     
 -0.506474324495900     
  0.504686515658792     
  0.599904438842714     
  0.497091194878825     
 -0.350931395891064     
  0.179220795528161     
  0.430647869105269     
  0.553168116625833     
  0.238179650810747     
  1.904980535230446E-002
  7.923218889293540E-002
 -0.128514475667446     
 -0.632468690810794     
 -0.139647893096317     
  0.235294900190926     
   1.29569151351107     
 -0.718483175060750     
   2.74035221144376     
  0.110814857236087     
 -0.206238361902702     
  -3.58319548282879     
  0.200464087914280     
 -0.596620383288762     
 -0.245893282430363     
 -0.619729356892906     
 -0.276794818376055     
 -0.236104500625882     
 -0.265669043823590     
  0.286547642883934     
  5.872073666099150E-002
 -0.336003176494542     
 -0.353601880380278     
 -4.358898640965212E-002
  0.174232711210025     
 -0.601388566842052     
 -0.152197110263394     
  -1.41884483741045     
   1.26614327820886     
  -3.90138616528918     
  0.328759795378453     
  -1.78524150634295     
  -3.62174775048127     
 -0.682557005846080     
  0.113831357372248     
  0.361175995862851     
  0.444299915088243     
 -0.193216414710176     
 -0.128281129799021     
 -0.379989297907195     
 -3.788414851042984E-002
 -3.871648033717680E-002
 -0.129353039424502     
 -6.002156231350476E-002
  6.829560713267931E-002
 -0.274621298084019     
 -0.343763722112105     
 -0.476093721180579     
  0.191086239169163     
 -0.655345354234414     
   1.15128934243862     
 -0.347129568519912     
  1.150615194946160E-002
 -0.345807255450342     
 -0.603380347286999     
   1.00625365864841     
  0.771168359879440     
  0.216484729029550     
 -4.409845767440185E-002
 -0.566717904631038     
 -0.281625719240123     
 -0.133245363347412     
 -0.492974495200810     
 -1.885077372594257E-002
 -0.571875619722836     
  0.109004553206813     
  0.154591000035266     
  0.245477611859071     
 -0.178090719471357     
  0.896135159335561     
  0.394831264780344     
  0.262739047094781     
  5.240471050947083E-002
  0.130550314739334     
 -0.420866918699610     
 -0.980045081632109     
  0.611120471775244     
  -1.05442117437827     
 -0.606075700241225     
  0.363559005248837     
  0.499765921530990     
  0.211037666685973     
  0.143479531052023     
 -0.327904921023605     
  0.371526403368451     
 -6.132167883409733E-003
  0.474139726125212     
 -0.403026649735630     
 -0.427009344355933     
 -4.808957607201735E-003
 -0.689976368874293     
  0.882279883941075     
 -0.499070198343151     
  -1.10450412573618     
 -7.245551139056375E-002
 -0.430948008079325     
  -1.04162246175437     
 -0.924359881398090     
  0.131849613562103     
  0.170358386124097     
 -0.148707665445300     
  0.204385172220125     
 -0.252601506121807     
  0.544043947615233     
 -0.445228554543069     
  0.256758505240545     
  0.355050352730389     
  0.498299105932336     
 -0.192311181002072     
 -0.413772379595376     
  0.378247453773637     
  0.291809354533666     
 -0.653725933488735     
   1.11629660758248     
  0.246582916796741     
 -0.411260346342332     
 -0.135078784489923     
 -0.626251414434253     
  0.682338562958103     
  0.126381045113361     
 -0.188490617234869     
 -0.111501454385415     
 -0.141767706623997     
  0.460103468686257     
  0.386121292183891     
 -0.381114687872134     
  0.525726557625640     
 -0.549012114391094     
  0.198420757489240     
 -0.162283415968893     
 -0.342105076652185     
 -0.370028429530682     
  0.484883676772179     
 -0.440362074034380     
  0.118174343995086     
  0.197701657760483     
 -0.457642505293642     
  0.114338557222794     
  -1.24841047961417     
  0.864332626101054     
 -0.690726819505762     
  0.268153501949153     
 -1.288387126025308E-002
  0.376978016583024     
 -0.251388204724720     
 -0.359535990603588     
  7.558166346262866E-002
 -8.258169375612713E-002
  0.129375092756940     
  3.197394703234363E-002
 -0.460458304184903     
  0.280553396585631     
 -7.642580001932835E-002
 -0.946028997751004     
 -0.126268314940044     
  0.699565080185555     
 -0.775115212714491     
 -0.260110053312121     
  0.181821944314855     
 -0.763743665998505     
 -0.701882873161539     
 -0.285871940409878     
  0.221076044124810     
 -9.681592970456102E-002
  0.440864882858500     
 -0.421800596598521     
  0.142894226484989     
 -0.382942602745810     
  5.439409229432059E-002
 -0.268470858517233     
  8.747496934423137E-002
  0.483820590684926     
 -6.435387085865905E-002
  0.102813056084768     
 -0.107613027595928     
  0.183675868957266     
  0.756693101431395     
 -0.225891947444372     
 -2.221993495295842E-002
  0.361290659818713     
 -0.322622577386071     
 -8.943734377342037E-002
 -0.231666219319268     
  0.302192393344585     
  0.100618125776419     
 -0.187250838976549     
 -0.510377709343008     
 -0.266614675987687     
  7.003679580479295E-002
 -0.271220742860355     
 -0.176639238753502     
  9.232411961682822E-002
  5.899417068813594E-002
  0.514099349060036     
 -0.353354121707010     
  2.580205269051201E-002
  0.147221399898486     
 -0.522549099358384     
 -0.168944005320970     
  0.170575778376648     
  0.219553518500000     
 -0.504082845345154     
  0.321672456898722     
  0.264681454216038     
  0.294227766477878     
 -6.434701464194689E-002
  0.136860683297010     
  0.171356307942205     
  6.971880604704997E-002
  0.372826366440384     
  6.094364722330756E-002
 -0.461287914848690     
 -0.259552604268277     
 -0.351280406477992     
 -0.407874741446337     
  0.484178883885783     
 -0.240143131983594     
  9.215852692260931E-002
  0.966444285152438     
 -0.344549527370085     
  5.357576956258345E-002
  0.304793278720067     
 -0.237885437904888     
  7.689263046136795E-002
  3.278246625568088E-002
  7.294688952547662E-002
  0.633363842510968     
  0.567122236637718     
 -0.375595299227962     
  0.482823097908689     
  0.193408549049738     
  0.473972403210982     
  0.201790046974827     
  0.443300333283330     
 -0.478640866353337     
  0.341640181336984     
 -0.437660131696416     
 -0.184843414614094     
 -0.145292939590659     
  0.389830873858979     
  0.428427900138013     
 -7.539976015760763E-002
 -2.728983528567095E-002
  9.231473578946274E-002
  8.203077083877425E-002
 -0.357312519797072     
 -0.477386311076059     
  3.336231128807877E-002
  0.224085138796373     
 -0.371595799205102     
 -0.130020364364984     
  0.345372068378258     
 -0.463113151451237     
  9.571693890360798E-002
 -0.292981109469565     
  0.214444411127759     
 -4.581852495235787E-002
  8.516665244575535E-003
  0.691948317694601     
  0.219389331714920     
 -0.778054916338252     
 -0.276358108157562     
  0.148577234898812     
 -2.573833880478282E-002
 -0.389325846040874     
  0.378634146053233     
  0.293363574492414     
 -0.161345861899755     
  0.334619234286904     
  9.449242758524656E-002
  0.326276555460761     
 -0.185558491555949     
 -0.483072965131407     
  0.378136034829321     
  0.529286408657938     
  0.275402136062232     
 -0.283742286393667     
  0.512557715614581     
  0.148770107127743     
  -1.00121604032147     
  0.210765098355318     
 -8.788510339854914E-003
 -0.518321075085613     
  0.129608366387851     
 -8.597001675075218E-002
 -0.299292543923082     
  0.112536121385783     
  0.448545008588019     
  6.181298817452682E-002
  0.394504947702341     
 -0.314538064252866     
 -0.153511889034153     
  7.628747861042530E-002
  0.141224518097978     
  0.446420154885917     
 -8.330502100458775E-003
 -0.177603609332859     
 -0.439239782654130     
  0.497357243705611     
  0.252458861981492     
  0.462680314472069     
 -0.316056755016992     
  4.939731096673439E-002
 -2.928099809367115E-002
  6.221781298246055E-002
  0.271328908138261     
 -0.302071228616020     
  0.168849442731957     
 -0.135097925646354     
  0.271777001692704     
  0.166565624257809     
  9.015117043360289E-002
 -0.441180615414725     
 -0.207814717997729     
 -6.434175060554019E-002
 -0.223801858332397     
 -0.510970330199395     
  0.187832538264532     
  0.534276873374995     
  0.423642998790105     
  0.154997284921262     
  0.486630670465620     
 -0.357291575356231     
 -0.718694262420744     
 -2.018814387349244E-002
  0.427800640125036     
  0.193187189981430     
 -0.312348485262076     
 -0.214826110347860     
  0.352263184462416     
 -0.364730879551649     
 -0.234542335989257     
 -3.953086631159970E-003
 -0.253116731943916     
  0.228806127662794     
  0.527055892499277     
  0.272623445856582     
 -0.448834706098200     
 -0.291391660549044     
 -3.221408710216758E-002
  0.437908350314856     
  0.244546722644582     
 -0.101293020626913     
  8.612859318048990E-002
  0.493997710176680     
  0.412389070201361     
  0.117090948207587     
  2.575988660599254E-002
  0.231109088709066     
 -5.852550161900804E-002
  0.153752424901967     
 -0.471254176284659     
  0.331337635277147     
 -0.139670767371972     
 -0.382130309607327     
 -6.520569297789860E-002
  0.293816466099656     
 -0.152450911792084     
  2.678869476619056E-002
  0.213538321896754     
 -0.269189013218598     
  1.580674448449959E-002
 -0.440531712030606     
  0.387970562136698     
  0.219416506253807     
  9.734659172200164E-002
 -0.654537308880222     
 -2.228805556224417E-002
  9.884018135460067E-002
 -0.477463959172372     
  0.212557759086824     
 -7.129812950373732E-002
  0.362725049569952     
 -0.249442475436283     
  0.288003419488907     
 -0.157500223019928     
  0.274018954592353     
  0.265583739572034     
 -0.398540884124028     
 -0.317130295303970     
 -0.539476465208062     
 -4.732433825512003E-003
  0.294121482630464     
 -0.520555759390862     
 -8.352770356843064E-002
  0.211404999484252     
 -0.178867856164330     
 -0.249614784637652     
  2.019503367240212E-002
  0.176823264090831     
 -0.145830962250308     
  0.332009007489898     
 -0.511785980500008     
  0.122648543974500     
  0.330502769742017     
  0.287535813988879     
  0.467217911962219     
 -3.428868831522212E-002
  0.213426376582197     
  0.457747651658139     
 -0.241391445575563     
 -0.296723382252240     
  0.531850347093696     
 -0.309582141837409     
  0.191247181473412     
  0.145809771003056     
 -0.217518918880966     
  0.427944430510573     
 -0.206574176965263     
 -4.051633980508161E-002
  0.215254417943042     
 -0.467243997444848     
 -0.106935745564114     
  6.424910770304407E-003
 -0.338059349023334     
  9.130671070350994E-002
 -0.468222191947610     
 -4.734034219545599E-002
  0.478099234391192     
  0.217514348745479     
 -0.197354826385600     
 -0.334168827941016     
 -0.408380188131240     
 -0.336072598643346     
  0.303699839812681     
 -2.370806262162641E-002
  0.215921797171194     
  0.414222412643301     
  0.458478417890790     
  0.160122561630853     
 -0.152334730552702     
  0.148969980814813     
 -0.297132769075344     
 -0.486082442911519     
  0.148089758970093     
 -1.369567357479858E-002
  0.447964115763803     
 -2.883512110456090E-002
  0.414283248686510     
 -0.486884118249811     
  0.449276468218287     
 -0.130777444208596     
  0.403499212946820     
  6.992250175946989E-002
 -0.314316118473474     
  0.222093482222737     
  0.260291677738521     
 -0.163860042285171     
 -0.132025043663628     
 -0.612711344819259     
  0.374044383524251     
  0.130167946086390     
  9.450598683379952E-002
  0.330214954518546     
 -0.457949251416018     
 -0.425301491765236     
  6.299001840087236E-002
 -0.296237577314461     
 -0.259835910568333     
 -0.364131786844937     
  8.746629108410722E-002
  8.167003834580430E-002
  0.460012600295111     
 -0.333131143544738     
  1.981963623779763E-002
  0.153564266114275     
  0.150842699468203     
  0.352626121602366     
 -0.407275434767781     
 -0.577452354839504     
 -0.430769530687850     
  3.793630154550031E-002
 -0.124637395154398     
 -0.111321770469517     
 -0.362719757414158     
  0.235204629977898     
  0.120448332649378     
 -2.139694803845183E-002
 -7.415704030306568E-002
 -1.415596965499018E-002
 -0.388317547875534     
 -0.192543375883168     
  0.214283736638183     
  0.270296045165243     
 -0.165962791032860     
  0.212022972143234     
  0.207498965756965     
  0.147081192687666     
  0.460060192035466     
 -0.301766844929550     
  0.375354613867296     
  0.160634370734396     
 -0.143297096046998     
  0.179613746529579     
 -0.135688945329705     
  9.369847526036867E-002
  0.348893350763493     
 -7.907321729668076E-002
 -0.448360995766810     
  0.268993854237044     
  0.516262466002351     
 -0.195181954991067     
  0.256049206686148     
 -0.345789193679376     
  0.341350677031524     
  0.109574802667633     
  2.844020926115660E-002
 -0.495553848835482     
 -0.479682698046098     
  0.365623430078886     
  9.907626919118402E-004
  4.377087309500755E-002
 -0.171794049340612     
 -0.136089964088328     
  0.265408999096843     
  0.221059844411959     
 -0.322473515532117     
  6.995210405274997E-002
 -9.461317876296860E-002
 -0.136502983569858     
 -0.207962288340040     
 -0.177606499473235     
 -0.414407711947698     
  0.505166017880175     
  0.438421293728289     
  0.221434459712006     
  0.225093243377648     
 -0.328498742605631     
  4.723424866935129E-002
 -1.426017702037079E-002
  0.477336023425505     
  0.390591622350327     
 -0.487582791911602     
 -0.354042124709168     
  0.262481428707022     
  0.145485793940210     
  0.456703332162178     
 -0.641665566487027     
 -4.252426302639331E-002
 -0.328816900309163     
 -6.276626724231707E-002
 -6.941838443504947E-002
 -0.163938193338044     
  0.479299268092179     
 -6.950162012594939E-002
  8.439464710352169E-004
 -0.158264608227239     
 -0.166736386819852     
 -0.281714543973581     
  0.215257532622526     
 -0.359131902258239     
  0.353035965744453     
 -0.266333597730991     
  0.251516310201601     
  0.150420231902902     
  0.480839699046528     
 -0.352011694862566     
  0.129937198698649     
  4.579471644311800E-003
  0.122379342416253     
 -3.360958369116428E-003
 -0.448730036322083     
 -0.452086733988686     
  0.534650074056485     
 -0.440975293274399     
 -6.470976545663318E-002
 -0.306525908132709     
 -0.451159917852563     
  0.206464110488510     
 -0.191521874089137     
  0.199336586026577     
  0.312095239306204     
  0.356141516995640     
  0.149063339978335     
  8.927435776133269E-002
 -0.195017965556262     
  0.237233233216103     
 -0.280268092642387     
  4.838347934703917E-002
 -8.878546827948980E-002
 -0.298929310620911     
 -0.563388771131198     
  0.407808555670347     
  7.877754611561857E-002
 -0.300733887899991     
  0.275242964114240     
 -0.100037434107566     
  0.521519913032497     
  4.306738785051587E-003
  0.231731196501638     
  0.221974566487784     
  0.514191997363545     
 -9.193970407476201E-002
  0.183589674821084     
  8.452705863765093E-002
 -2.317555633106051E-002
  0.293402326949011     
  9.719488044298956E-002
 -0.322608788003198     
 -0.196872687335983     
  0.145949992934291     
 -0.235733996420868     
  0.415469338051659     
 -0.492662461205648     
  0.186062974702534     
 -0.382656347359720     
 -0.141831692537379     
  0.299268698546479     
  2.375664312131073E-002
  0.488699038111403     
  0.496562398206789     
 -0.188136668809254     
 -0.516664092196059     
  0.310682866982991     
 -7.509986809252325E-002
  0.197862677207324     
 -0.462233099918733     
  0.210918398414050     
 -0.221356485655061     
 -0.131565352057591     
  0.328915432839891     
  0.254612273426621     
 -2.822197104771434E-002
  0.242717200896561     
  1.735539925766860E-003
  0.517777436589894     
 -0.514287664251434     
 -0.222240056741118     
  0.206075623232192     
  1.385553953945317E-002
 -0.412397527324257     
  3.682470812758003E-003
  0.179664285533597     
  0.497630182200993     
 -0.148357003680932     
 -8.698433037468191E-002
 -0.176536931116997     
 -0.171260375113422     
  7.859838179189065E-002
  0.219039820012763     
 -0.157116736115972     
  0.224998476602567     
  0.214378013536455     
 -0.447884716827542     
  0.262958696906612     
 -1.206433108504948E-002
 -0.456854274033002     
 -0.255286098634731     
 -0.532773221337431     
  0.167897585257180     
 -9.545429630271612E-002
 -0.348813601608937     
  0.351209157576266     
  0.344975531014168     
  5.347185510640893E-002
 -0.107439865045212     
  0.174862447548459     
 -0.199595122550322     
 -0.318165154556769     
  4.396898942420176E-002
  0.402765663505213     
 -0.272664894139224     
 -0.294634624879618     
 -0.181068255408552     
 -0.235224072333789     
  0.334100976401651     
  9.460647647683335E-002
 -5.175938666591533E-002
 -0.178377049255979     
  0.427142178800255     
  0.233931975023230     
  0.249101231646694     
  0.444335835057279     
  0.727530036087581     
 -0.166649191892703     
  0.312748109163030     
  0.568533651601243     
 -0.879716288571503     
   1.44303449261787     
 -0.878484886378478     
 -0.667396674169571     
   2.14545513522546     
  -2.03411206832446     
   3.87691492849258     
   3.07432269682436     
 -0.339404002225201     
  0.862571893560049     
  0.743204124745346     
  0.326256533399283     
 -0.559136280855137     
 -0.293955242202016     
 -0.490686696633000     
  0.503667688877129     
  0.395810299815587     
  0.384157674525895     
 -0.461521380778473     
  0.210172508498250     
  0.369706020787601     
 -0.350473002260644     
 -0.399674101416269     
 -0.322572256521298     
 -0.471826482925067     
  1.231557490495905E-002
 -1.187597436449195E-002
  0.400743324427479     
  0.293504800186119     
 -6.442582814077513E-002
  0.195324590985920     
 -0.179251029718288     
  0.328104159249662     
  0.447019267984566     
  5.331135035556966E-002
  4.142557847788053E-003
 -0.375777737156489     
  0.303633808331131     
  0.173819131473729     
  0.378480160448584     
  0.116496660821471     
 -4.031279169036733E-002
  0.463140282929950     
 -7.823861440223179E-004
 -0.149313881105383     
  0.481775886913817     
  0.207823098826755     
 -0.116823490308654     
 -0.452209690590757     
 -0.288245827583835     
  0.452481835146269     
 -0.137319621093973     
  6.930991873772585E-002
 -0.107910626428961     
  0.346297975947721     
  0.230505631760762     
  0.108518886223114     
 -0.122774459777963     
