 -0.386884884031447      -0.236829448289981     
  7.173176701521702E-002 -0.179700017387841     
  0.345801207768070      -4.190873991837019E-002
 -8.767759731197923E-002 -2.265580478690814E-002
 -0.187817238196524      -0.289618853731727     
 -0.101427694388402       7.691899088319323E-002
  0.143229419179588       0.384075784555249     
  6.652559576807424E-002  0.182668095471912     
 -0.132216207633420       5.999770648819317E-003
 -7.180132921224007E-002 -0.186789873307918     
  0.358778519884158      -0.232784912081982     
  0.327510733287130       0.297215129635569     
 -0.109222377082348      -0.301509077897435     
 -0.262127221807409      -0.579934659239439     
 -0.243298820414394      -0.262696449497295     
  0.497086461109635       0.465178833409258     
  3.578768113801822E-002  8.801478221854193E-002
  0.167029513955130      -0.188231208393589     
  3.499363735868516E-003  0.103168775727235     
  0.257437261135009       4.171010109171196E-002
 -4.712451255553362E-002 -0.344648463697237     
  0.215025315676325       1.013767762746441E-002
  0.191767717584019      -0.176918953873465     
  0.530542469540671       0.195744216530846     
  0.221517362740777      -0.107435724397403     
 -0.171411495854555      -0.260560547999728     
 -0.597927537333877      -0.523237294066283     
 -2.936753343940313E-002  0.299978779998118     
 -0.310697204316024       0.213381473859835     
  0.188266999160998       0.299337473945047     
  2.396635646494324E-002  0.322352051171777     
  0.458608990763756       0.447076760279902     
 -0.385968203495781       0.166719720505894     
 -0.372522678091761      -0.480764082273251     
  5.693977031133929E-002  0.189100654343259     
  2.625630514262830E-002  0.291530429317965     
 -0.203135120262388      -1.152015807174875E-002
 -0.181340236271156      -0.203942487887215     
  9.197214326917319E-002  9.592863374875298E-002
 -0.229022445923126      -0.121978399932091     
  0.255327963219003       1.197189592210416E-003
  0.301607513846269       0.113255020949818     
  0.411859240399897       0.347897131771891     
 -9.046256723038604E-002 -6.192641150276403E-002
  8.692247246753407E-002  0.103332357738428     
  0.131917814760221       0.187504611889848     
  0.651153973054329       0.643479335809760     
  0.163666549855584       0.199726217033211     
 -2.161808824458505E-002  9.099002838539479E-002
  0.282959029587183       0.284801779308451     
 -0.590698338143189      -0.583030844631092     
  -1.85802518756222       -1.84997861858325     
 -0.518151948024811      -0.505652739917237     
  0.245524735580710       0.210769524032907     
   1.95030422544067        1.95347586226555     
  0.686583127870838       0.746589007421527     
  0.448073990498877       0.420162624424562     
 -0.595358233277038      -0.607116268688684     
 -0.243764607928806      -0.296734526565274     
  0.355156123700915       0.202656974384228     
 -0.425149816654909      -0.379605682527577     
 -0.203727568135332      -0.217913409827708     
 -0.130113208327341      -0.135496851186574     
  0.420505797999931       0.429780406623986     
  7.761052554667285E-002  2.825338149986442E-002
 -3.716657041622524E-002 -0.262663826075812     
  0.308082306617439       9.526227763725327E-002
  0.274804537545322       0.347438007353997     
  0.129871962742545       0.393691533402443     
 -0.199603996127337      -7.691095466185045E-002
  0.263953545854855       0.235990137512743     
 -5.571777015650030E-003 -0.232632287751930     
 -3.801504803431163E-003 -1.552153541056517E-002
  8.610438086073309E-002  0.159167989464365     
  0.449524096902716       0.284516758382630     
  0.137864314615025      -0.113273691431165     
  6.378920519419760E-002  0.276072269947425     
 -1.165139306702146E-002  0.550627910337901     
 -0.343688335078472      -4.064337781975851E-002
  3.463021536103012E-002 -5.869006181519937E-002
  0.201018276588759       2.699127804967824E-002
  7.804334562679646E-002  0.536063456134843     
  0.331671866032144      -4.155101644814724E-002
 -4.405633446297343E-002  0.457585309452035     
  3.681912111114293E-002 -8.862895942986651E-002
 -0.151547156431280      -0.169338267270149     
 -1.964437379163845E-002 -8.305048292682973E-002
  7.047151658660512E-002  8.204276994589663E-002
 -0.419936971780016      -9.036888519136413E-002
  0.211166056053068       0.313618205263995     
 -0.199665529153636      -0.291353849911710     
  0.184758254326625       0.259588913264412     
  0.360341122032851       0.219978533622736     
  0.299378269934798       0.143768569837870     
 -0.245395612153352      -0.167436000953871     
  0.468141313462511       0.138409819128343     
 -0.247461832174805      -4.552280393521928E-002
 -0.341259692493632      -0.309552523473082     
  0.108447599970435      -0.326353078426196     
  0.153034770529189       0.202767751157623     
 -3.425498763713376E-002 -2.976735421496969E-002
  0.721743707497359       0.690057091250954     
