   1.16115669424280     
  -1.08990906142791     
 -0.331447702547600     
  -2.40958266442108     
  0.888826579003296     
   1.72362125013501     
  -3.21533711253892     
  0.343709900773208     
   2.70210443897148     
   1.48025816375698     
  0.395040716572213     
 -6.768842752043849E-002
 -0.144409375238252     
  -1.14611665683681     
 -0.554269438836978     
 -3.502234994207255E-002
   2.89893140359668     
  -1.75866031974392     
  -1.18494823269907     
  -5.27875259716763     
   8.12794933870688     
   2.21441586843709     
  -4.23560791565822     
   2.46679232521159     
   7.83861991697127     
  0.411979010047998     
   10.6639255795976     
   4.58006268070696     
 -0.536080881047097     
 -0.365829564419451     
   1.27340227810224     
  -3.93050470978088     
   4.37702823045327     
   3.88406171661891     
  -1.67205501998105     
  -6.19667649083012     
  0.414390171495128     
  -2.60107615823949     
   3.49806751535724     
 -0.721117462749523     
   1.15715917285628     
  -6.18858415571311     
 -0.719332124453557     
  -1.54670224275393     
   4.59644785556018     
   4.81349523760781     
  0.634865432513638     
  -1.42198548668658     
  0.124418512086161     
  -2.46298493039804     
   2.02689850490385     
   1.89245543352907     
  -2.25285985946919     
 -0.343177643252878     
 -0.759307428229658     
 -0.576160308610620     
 -0.203050027554336     
  -1.01275761461348     
  0.276736420533048     
  -1.50113010609762     
  0.467448698743535     
  0.578572305827177     
 -1.258733078791351E-002
 -0.418075588606874     
  0.403623292256022     
 -0.302874445178970     
