  6.547515083320744E-003 -0.212798060163375     
  2.059290412569343E-002  0.313808012468899     
  0.344808190236231      -0.411611150046108     
 -0.112131099188597       8.907242802280003E-002
 -0.403544492589751       0.383439626929445     
  2.522434631093511E-002 -0.117692299028874     
 -0.331547428601097       1.316664456012455E-002
  0.100681256166204       0.166654682607196     
  0.197645038362370       0.168082740080896     
  3.155396745630323E-002 -8.769806028480286E-002
  9.652961798101076E-002  0.155809649445476     
 -0.305107487266235      -8.386431918563837E-002
  0.391104755040848       0.175532152978485     
  0.155349712903112      -0.271783892965637     
  0.677466341795118       0.414650111104380     
 -0.278753212499829       4.034262375021886E-002
  0.410081407834551       0.112300921714304     
 -0.360223799165970       0.124257263466346     
  9.640168020844037E-002 -0.230398405441315     
 -0.402983979855840      -0.101779187754621     
  0.271072226175403      -0.346852296389955     
  0.384192546819143       4.421971655692718E-002
  0.420075977337223       0.299590051442707     
 -0.244770244736321       2.973393824448817E-002
  0.136648809215835       7.354048611889059E-002
  0.423097786963531       0.272006686391434     
 -0.236680827886774      -0.453749835926050     
 -0.248943023379092      -0.322693397724464     
 -0.435517387887331      -0.485499550025240     
 -7.131154764784534E-002 -0.131389316497203     
 -0.283752000383062       0.140371893694280     
  0.152085677302943      -0.176027800418325     
  7.339158010293566E-002  0.195174395045492     
  9.757418302726413E-002  0.347067977351526     
  7.656363503346429E-002  0.130297593699344     
 -0.371683605093850      -0.537639428389098     
  4.513730047626901E-002  6.867898423226831E-002
 -0.271491185636494      -0.403773088758127     
  0.386190176328363       0.321102691513400     
 -0.665716800675524      -0.662283674212011     
  0.311361895807637       0.283896323657951     
 -0.130172922820190       7.348735337529536E-002
  4.685471967673432E-002 -0.244043977090746     
  0.152750902676633       2.363199619673259E-002
 -0.526193181781579      -0.525703360303476     
 -2.492415465304767E-002  2.739742525884950E-002
  -1.33639208112493       -1.34428635231497     
  0.139597821626032       0.184491258331090     
  -1.23188865020679       -1.22559706996687     
  0.563939917595266       0.570965364973826     
 -0.163432627887895      -3.887890521401406E-002
   1.49695300550668        1.49654364172561     
  0.435053588220251       0.426734398718376     
 -0.714727110622685      -0.715563124847474     
  8.487107944146983E-002  3.832098314347956E-002
  0.374639047678561       0.487774843932740     
  0.233173073143789       5.714072459074600E-002
  0.390862569805647       0.417436902306025     
 -0.435333867092541      -0.271244813971289     
 -0.385358312755257      -0.570260717477288     
  6.007473287631485E-002 -0.282295947383468     
  2.107345611449780E-002  0.160969904130921     
 -0.286542921366934       0.189758983054262     
  0.107455041861012      -0.261120816534567     
 -0.459171864415771       1.401005514687654E-002
 -0.167312696004206      -0.280316780358243     
  0.255935519896415       0.282344525554371     
 -7.076784222497839E-002 -0.266078086554758     
  2.052588708568427E-002 -4.227172415388978E-002
 -0.113473500444893      -0.388764944768202     
 -0.357888129670665       0.372927160879043     
 -0.261613063227282      -0.128769921853415     
 -0.396430002296347       0.293061833496403     
 -0.112527264870821      -0.606878159790983     
  5.569777912012139E-002  0.269628530491771     
  0.212274684243633      -0.649776381925810     
  0.317160688889044       0.288076082704658     
  2.195573221429621E-002 -0.254679386988155     
  8.000345728677245E-002  0.139764426540938     
 -0.174947050719389       5.492335090742571E-002
  0.466832431881958      -1.738049510319660E-002
  0.309259528898153       0.465170548859608     
 -0.106565088004955      -0.256291096112440     
 -0.318624965332558      -8.811896878904334E-003
 -0.141381072175230       0.422633121448423     
 -0.108622163334296       9.414776298765455E-002
  0.145602831510145       0.241484123179959     
  3.575198752040546E-002  5.300203892320454E-002
  0.334997595443220       0.421788188683144     
 -0.259711539269864      -0.229895760614786     
 -0.366321759964150      -0.485596450348841     
  0.178435831794756      -5.664766880826460E-004
  0.317570490375008       0.213661837586094     
 -0.330495104444079       7.378475458007819E-002
 -0.306785136116537      -0.393643453111628     
  0.406639195071426      -0.132667334439929     
  0.544509259817159       0.359887749606624     
  6.691714337154539E-002 -0.230735571909481     
 -0.571259233657134      -2.939218696068827E-002
  0.173448387270116      -0.193329940024493     
  0.254393484697844      -0.228859769879332     
 -0.711724857477532      -0.734168808058408     
