  0.322407671535434      -0.210073194633670     
  0.416970192834168      -0.113118910175853     
 -0.424280533301817       0.467333689758070     
  0.346994029110764      -0.115733935295030     
  0.374115047194037       0.467197123253073     
 -0.146888897103800      -0.212383768327499     
 -0.457178412284540      -0.184214633791277     
 -0.469881514162213       1.627466231985415E-002
  0.206465545259829       2.446064558580077E-002
 -0.499971944507901      -0.176127308450648     
  1.583839135673935E-002  0.293821819104611     
  0.315177638098199      -0.342519303698160     
  0.358274713113775      -0.444321990160958     
  0.260823239366180      -0.325165897247046     
  7.635901883261323E-002  0.329136820973811     
 -0.158769014236598      -0.469947939580179     
 -0.375369400289941       0.497270611914933     
 -0.231511779859962       0.512498157976352     
 -0.243507116597902      -0.584129782396642     
  0.274098879755642       0.167780011671553     
 -0.354362674131652       0.565070843964568     
 -0.414185390036977      -0.373243158925907     
 -0.253642986417690      -0.432533353737700     
 -0.178771770235422      -0.303972814208787     
  0.664868829561697      -0.564529086046396     
 -0.364073999249923      -5.198422050105807E-002
  0.386753672432109       0.128975421916356     
 -0.361222354261145      -0.304775941367059     
 -7.537068818484217E-002  0.261027358280738     
  0.268768069036449       0.447443915612593     
  0.156850621905565       0.487216138116606     
 -0.411124134901548       0.216564052960890     
  0.267731196757478      -2.272902293159311E-002
 -0.297846957920355      -0.129179538791466     
  0.293034674037011       0.392495851560188     
  0.468560491428416      -0.210610568582378     
  0.321558773807017       6.243644273876667E-002
  0.253781297282815      -1.208168061912852E-002
  0.133067143145980       0.341236258286674     
 -0.520992337549701       0.500032634263097     
 -9.115505143257198E-002  0.245407483289056     
  0.515159619170408      -0.568764268905002     
  0.816987541596743      -0.455401262689655     
 -0.702240678836290       0.934749931689824     
  0.629181028888234      -0.536249359697914     
  0.558304944948157      -0.482161309037580     
  0.396340002555538      -0.393711895488601     
  0.708021895512806      -0.902853314905458     
  0.600257947838532      -0.479369193242515     
   2.37855431911342       -2.32548369520077     
  -2.10260286550094        2.24050342523731     
  -1.17911199908959        1.05151996025474     
  0.280969569249767      -0.475242343588067     
  0.804880761807299      -0.649288695358574     
 -0.593401476418956       0.770356857393368     
 -0.654541187743666       0.146988989183258     
  0.138116832335303      -0.368378381463651     
  0.734322373899301      -0.796337633703543     
  0.635068865385002      -0.706868734946698     
 -0.636499778780804       0.402630558957257     
  0.348014368812228      -0.415708133101000     
 -0.430474289639397       0.295008459871272     
 -0.291810032047623      -0.294200059604980     
  5.885337627369021E-002  3.179255707053672E-002
 -0.123918644291059       5.731409045651675E-002
 -0.245495335445628      -0.374337830729051     
  8.197018761631764E-002 -0.587859610001835     
  0.581243816015238       4.253581366353964E-002
  0.626390726050217      -4.228698310586322E-002
  0.491524456648422      -4.762642222511777E-002
 -0.181135058379464       0.190055601921285     
 -3.647894070143408E-003  0.321540986457729     
 -0.348021471797011       1.428944643380424E-002
 -4.361408285768479E-002  0.334483466247103     
 -4.616201668007962E-002 -0.239678837199843     
 -0.577943707379949       5.782052307820625E-002
 -2.931624809579210E-003 -0.158899435128691     
 -0.499023465484908       0.467591221359068     
  0.482518055379600      -0.236182876550269     
  0.204721764473659      -0.318081372197122     
  0.164211775303362       0.410539878473317     
  5.684861244347159E-002  0.224649068872338     
 -2.130570677471143E-002 -4.499881005089111E-002
  9.300065383478577E-002 -0.224542429084441     
  0.109820336435057       0.477256358546675     
 -0.305601183748000      -0.426102034860098     
  0.147679764590090      -0.459204446077191     
 -0.372343399797716       9.579629763089872E-002
  3.884367761167256E-002  0.241118800007277     
  6.761720423467493E-003 -0.295076042780037     
  0.419014906209229      -0.481003760955814     
 -0.510784696457322       5.081927264376689E-002
 -4.236406931284464E-002 -0.396206983400741     
 -0.233583564511388      -0.241416716810648     
  0.297043482311621      -0.236017438624673     
  0.153600603878538       9.330388250535054E-002
  0.431362436184395      -7.514584581131230E-002
  3.928946186317450E-003 -0.202079864823133     
 -0.234057504766184       0.380655063060930     
 -0.148673782686785      -0.218419584556601     
 -0.432410370162530       8.275846024016312E-002
  0.985882553667909       -1.24575833761454     
