 -0.404764458975516     
  5.635270829350784E-002
  2.151252232085401E-002
  3.680991700845852E-002
 -0.473727017736452     
 -0.296426307842185     
  0.666285000167028     
 -0.412227534357120     
  0.144774523392818     
  5.252262996894097E-002
 -0.608583477778563     
  0.201264565403255     
  0.351819725046945     
 -0.467650668296287     
 -0.896383368611552     
  3.258212665420233E-003
   1.07267937377008     
  0.208578188654935     
  0.641116463897891     
   1.64768683265078     
  -3.39465837945467     
 -0.790377677040925     
  0.777356013614729     
   2.67573654845116     
  0.563796485814111     
   1.92057939750856     
  -5.55519172273469     
  -4.80940520331312     
 -0.831387034690439     
   2.33522813791633     
 -0.619511761060190     
   6.23151163572875     
  -3.84867292825919     
   6.57808887811407     
  -3.11025817002463     
  -1.58111000413703     
  -2.88244406449944     
  -3.10616803049000     
  -2.63013168688158     
   1.19126054432124     
   1.01274153795462     
  -2.27493471789610     
  0.288528970264465     
  -1.97596368705555     
 -0.618361265251224     
 -0.190924232088003     
 -0.634510766746063     
 -0.193402494182462     
 -0.340714066027851     
 -0.220164297659857     
  0.360710978207974     
  0.109682001977058     
  0.161740765223491     
  0.668947459955712     
  0.172156143394528     
 -3.856344631220029E-002
 -0.427516547463653     
  0.494015751097766     
 -0.139527023014413     
  0.576612388561885     
 -0.305553345260790     
  0.422804709927591     
 -0.303021996453796     
 -7.851352289023256E-002
  0.423431873705141     
 -0.380036105661525     
