 -0.242621087451055       0.337616979761655       0.323954228493909     
  0.141580596107807       0.341601564548386      -0.148113330840875     
  8.102063867216090E-002 -0.445614648074436       1.408411493920822E-002
  6.385922978809823E-002  0.241030441221924       0.361409495166406     
  0.140745642059354      -8.240524065860224E-003  0.433299238599656     
  0.473676286914634      -0.392972651687995      -0.194591484508273     
  8.159720011081155E-002  0.175495773277947       0.524725579113166     
  0.212363597758309       5.238668872479242E-002 -9.018500581991609E-002
 -0.231811926776408       0.416775489366988       0.261796348738934     
 -7.402002795040205E-002  0.122513316544875       0.293927909055893     
 -0.554785158575154      -0.537463309599333      -0.466591836719935     
 -0.307098187385499       0.334213607146191      -0.562844767494923     
  0.293297264173724       0.322351133838657       0.119613602219871     
 -0.358333690276723      -0.651078446494478       0.594045282054982     
 -0.299606258276653       0.380682421378773       0.284291220321835     
  0.386399586027188      -0.114421014823603      -0.358968514085432     
  0.275727530761117       0.472956417457443       6.511456999536258E-002
  8.364405910801741E-003 -0.312145446749157       0.245187537218791     
 -0.178456349350869      -0.238169797068370       4.990527922513822E-002
  0.640771934363061      -0.363742067413166       0.119283100618699     
  0.342126542876008       0.425135972652147       0.563244082241469     
  0.646327661189402      -5.153482343899952E-002  0.241486234269036     
 -7.034110796036024E-002  0.374318048723993      -0.701341885335078     
 -0.523358957823213      -0.248683284308981       0.339136321177251     
  0.101771792118232      -0.202840119434679       0.130180185633771     
 -0.288890570759427       0.364994518824713      -0.421700803158256     
  0.344994687472925       0.454901601046125      -9.485323266986698E-002
  9.242775221924003E-002 -0.216486992783933       0.197832119327210     
  4.047946294009894E-003 -0.227698699045540       0.401081849943960     
  9.731003693779695E-002 -4.157051385228255E-002  0.196919250843780     
  0.412540973928007       0.485461191579634      -0.361590165526615     
 -0.174194958744547       0.295853989412416      -0.126476417117311     
 -2.323955460170467E-002  0.419877647767944      -0.372842312098075     
  0.498336656253941      -0.123565057090922       0.109325847432759     
  6.996503533382445E-002 -0.229909767118981      -0.121607863502806     
  0.322094849358928      -0.380351745961669      -4.999698234319776E-002
  0.496203523143767       1.993921728326949E-002  0.592907448939230     
   1.20035853061729      -0.795878470885257       6.717473957750814E-002
  0.752177758384571       7.888528859279675E-002 -0.167143961876896     
 -0.224287077521345       -1.23465818772669       0.225679942474923     
 -0.367250071983156      -0.541190159498987       0.122796659084281     
 -0.129973748361391      -4.612235582872922E-002  0.836565827113881     
  0.841531175004417       0.217721656123583      -0.563302260194216     
  0.339690725569788       0.820604682187244      -7.292145706834779E-002
  0.811539572798592       -1.13502238384480       -1.43127419494960     
   1.08813469204702       -1.97644095623791       0.954038645136074     
   1.89223621916053        1.19348495630359       0.536860070273593     
 -0.607671764638242       -2.53759790112239       -1.09900115517960     
  0.659819241076023       -2.06851542457111        2.17272995270688     
  -1.38764627337919        1.48584387497218       -1.68647331912587     
   2.20252246571554        1.95887988067416      -0.612799594765693     
   2.29829460503212       -2.01030151835796        1.31616274695514     
  -2.26710983675652        3.00637739798725        2.06617906977115     
  -2.91937095282816        2.13944750291689        2.20859679990869     
  -2.15966556179496       -3.74593788155153        4.03123229798218     
  3.244282721680469E-002  0.233823457235818       -1.15766221336223     
  0.962322807219393       -1.55632613939830       0.752076298823870     
   1.52223873202495       -1.81237096343586        2.06743016807096     
  0.316142288134455       0.745585346988269      -0.155832844933766     
 -0.901165911473931      -0.184510901503518       0.557029228155008     
   1.20649332515064       0.783178773452578        1.53919418846788     
 -0.467378390897387      -0.295518187850347       0.726228122719176     
 -0.713798064986794      -0.259772740424657      -0.484052642575999     
  0.828123378382777      -0.423274314180246        1.21106327354098     
 -0.280596014992335      -0.106203800799584      -0.108421794644069     
 -1.059410804414313E-002  0.763429482950501      -9.431598944620757E-002
  8.441296782425325E-002 -0.504088382568504      -0.155106240257944     
  0.854504815985292       0.219073595601034       0.526603021965087     
 -0.201361450740770      -0.256891574427997       0.467257950249546     
  9.169893964216799E-002  0.255026453339703      -0.574857764124967     
 -6.035012164934370E-002  0.308759352375097      -0.231756319019682     
  0.284931030023018       1.735512992165017E-002 -0.509089423074604     
  0.330566433638187       0.689407299549148      -9.127257931715357E-002
  0.372270433851285       0.458576285287176      -6.311540402156010E-002
  3.028795631622572E-002  0.273171974264184       0.490410261898049     
 -0.552558075811619       0.399617436304714       0.546475668242645     
  0.144001860155644      -0.133302556823220       0.120131029360705     
 -2.997876414363240E-002  0.472424282388575       4.535067281616809E-002
 -2.575254506566371E-002 -0.347579198810979      -0.223951696787917     
  8.111592289878166E-003  7.288698041161003E-002  9.725593870225107E-003
  0.154708092457253      -0.102467092190119      -0.140721423259714     
  0.415143211124449       3.956532338965252E-002 -0.335458087581251     
  0.333031681282638      -8.600096211183371E-003 -0.224166327028690     
 -0.561276359256549       0.569175389534408      -0.113364078824812     
  6.035067085752051E-002  0.260554662549156       0.284654036609409     
  0.605544445995528       0.287397264007374      -0.408158381283350     
  1.305452869192811E-002 -0.177417659626093       4.633135860739565E-003
 -7.679823562537139E-002  0.351573003087528      -0.529095482124061     
  0.255125293650171      -0.273961453559087       0.408053882020239     
  5.858737713953066E-002  7.490062714045559E-002 -9.172127530446623E-002
  0.209924582894975       5.471624006740267E-002 -6.340270433919205E-002
  1.197448635018286E-002 -0.369848222140131       0.562108669929648     
  0.283132975393082       0.116681484646364       0.164461114375347     
  0.253921407741276      -0.142988184713932      -3.419377331322414E-002
  0.612101499731466      -0.392299192919425      -0.508970008254869     
 -0.114577054372940      -0.400182222360295       0.421337141603417     
  0.257535061159582      -0.243065654540563      -0.282319053808261     
 -0.238456324610142       0.136762803297461      -5.099141842181700E-002
  1.775264537552012E-002  2.462495735036649E-002  0.231223059630161     
  0.281842019396507      -0.495489229077952       0.174628445273901     
 -0.111781521729019       0.550958011127578      -0.147905265806207     
  -4.55810886710099       -2.91756073348010       -2.76109012139146     
