  0.459002295068159       2.749220245119098E-002
 -0.173945733770926       0.222763004754716     
 -0.161834105367920       0.328226696794168     
 -0.459595159339448       0.232888849215743     
 -5.350965182422045E-002 -0.180259513736419     
 -1.772546779739532E-002  0.283033435244388     
 -0.522466802983898       0.295754705074978     
 -0.383601618495370       0.191207249214759     
 -0.220154484138959       0.200199680053208     
 -0.312581574727159      -0.341972071159164     
 -6.364591158519831E-002  4.842899006707160E-002
 -0.485995481188684      -0.189751204180865     
  0.314599820727798       4.481651171435672E-002
 -0.191765033139730      -0.421681263343248     
  0.544777498568138      -0.576640117787945     
 -5.878412493360490E-002  0.481709073593271     
 -0.323319100212860      -4.430874447717312E-002
  4.769808049308275E-002 -0.142911816638719     
  4.835955087341329E-002  4.909789711994298E-002
 -0.426712878583443      -0.148170598272793     
  0.450555426886501      -0.156514162666548     
 -4.960835839348669E-002 -0.536638831997995     
  0.364976815977915      -0.426835914707752     
  4.354425784095195E-002  0.283087895929886     
 -0.198575284821312      -3.683647260444772E-002
  0.182075582264594      -0.245098657615445     
  0.151535720716019       0.157338613936168     
  0.264195172791155       0.285403841275050     
 -0.106174018043005       0.260616237454382     
 -0.358523523732618      -0.211027660444885     
  0.154308419420766      -0.157536548008934     
  0.181501647051893      -0.179299723990205     
 -0.440820375718889       0.460558295741716     
  0.227757077565035      -0.148684909101874     
 -6.875663108921482E-003 -8.761282531392478E-002
 -0.167570251964974       0.291136038414871     
  0.463591436166722      -6.843537098529712E-003
  0.526397685803022      -0.118980595663464     
 -0.104317647625016       0.253277926037334     
  0.234178143356319       0.104300370797015     
  0.850223290391879      -0.262134943915814     
  0.283637643863972       0.113654590014998     
  0.589944646108769      -0.309637473475654     
  3.308771676760450E-002  0.386202487470335     
  -1.03248708425626        1.28704291806004     
 -0.879699098411272       0.673948731937152     
 -0.109287638256934       0.176346533465533     
  0.960560103845992       -1.09386063577541     
 -7.506277265672978E-002  7.255939436253167E-002
   2.16208096934326       -2.11447093112910     
   1.70691493979685       -1.77610058119731     
  -1.52033681653410        1.50152980771739     
  8.695927037613070E-002 -0.136987192521349     
  -3.21816340020140        3.21674032388655     
  -1.29129415392204        1.42239409488734     
   1.89397113714650       -1.53487301367141     
  0.254395577030457      -3.735724281092610E-002
   1.44720733657995       -1.62945641946585     
  0.361803303419531      -0.372312007395080     
  0.155434996607871      -0.184510933890410     
  3.628762247650816E-002  0.235305323128634     
  0.543709573142093      -0.667206080496255     
  3.648561233229477E-003 -3.007240535342165E-002
  0.524220419698657      -0.432681989258752     
  6.689735583983715E-002 -0.692741029585620     
  1.575552380649200E-002 -6.781034215979521E-002
 -0.550612883710866       0.556498242841636     
  0.346793143974629      -0.171860555674080     
  3.724664862612081E-002  8.454562409518047E-002
 -0.273227269369248      -5.754105216661985E-003
  0.190566192117587       0.111449426194878     
  0.371357995997687      -7.401417009773209E-002
  0.373601716369494      -0.238500465824818     
 -0.154144370438826      -0.171391924552597     
 -0.167624259257155       0.302781218561836     
 -7.262733163202964E-003 -0.505975577227193     
 -2.591838116934770E-002  4.864892207353087E-002
 -0.444849996239628       0.267447396589341     
 -0.533003436003790       0.440471560598629     
 -0.426924871329356      -0.193737676033955     
  0.219381585384347      -0.261796456244831     
 -0.676681234205799       0.563922906707447     
  0.223096392330022       0.306416189089959     
  7.812035066483407E-003 -0.115564716076456     
 -0.470001836124531      -0.383778678689461     
  0.496475803567482      -0.541464771114767     
  0.368839939039452      -0.156095400952589     
 -4.223699004395391E-002  0.133795614328139     
  0.109385368825913      -0.544640009384278     
 -0.314943602312660       0.231865040541904     
 -0.181335462173705       2.927796139993551E-002
 -0.212208085871381      -0.241062155831053     
  0.232083259372127      -1.092885687685580E-002
 -0.187014744068972      -0.378100213961947     
  0.339848775846937      -0.283040348524260     
 -0.378825069053189      -7.856081114577047E-002
 -0.637069321076427       0.128536891323225     
 -1.547865449401373E-002 -0.320828841547291     
 -0.488281316960439       0.136683141073197     
  0.357612107927193      -4.068348915680707E-003
  0.392940268502611       0.556428814616760     
  0.511652754326916      -0.580825621293094     
