 -0.337550598537080       0.200671974774347     
  3.208943938616507E-002  0.405055124546678     
  0.115159473683306      -0.365751033256557     
  0.353963281001727       4.092272763605195E-002
 -0.158132456255126       0.283719580854181     
  0.388278027378292       0.440584945877269     
 -0.171501394630636      -7.560350465378056E-002
  0.297743926172251       0.367395527036589     
  0.308766869004094       0.353728369730681     
  0.290666115454465       5.489092389796207E-002
  0.164259991277299      -5.904975482420201E-002
 -6.954094601016976E-002  0.202872622324296     
  0.213154270126446       0.327313667585439     
  0.243648912775723       0.208385258822688     
  0.339940382851682       6.089807781670700E-002
  0.172428059905789       6.797528359263415E-002
 -0.215783428926486       0.131061316110512     
  0.512701345813462       0.299867115094615     
 -0.275515817698572      -0.117031883292880     
 -5.963143284894978E-002 -0.501599843239445     
 -0.168813390967210      -4.013493551672558E-003
  0.225372879779772      -6.513029246186122E-003
 -0.151235866250557       0.360227060589291     
  0.331139807386103       0.126415689157857     
 -0.184631838313289      -7.893087119179294E-002
  0.336957117948066      -1.470518280880654E-002
 -0.214007275577621      -3.663310631860613E-002
  0.411447563976162       0.251615820261374     
 -0.467212541750298      -0.172475507680204     
 -0.197677602468506       4.453970151824187E-002
 -0.248249717277180      -0.154331153866023     
  4.416335156272692E-002  4.414425162291871E-003
 -0.260756509150478      -0.481516691395042     
  0.389301086992965       8.662784458271908E-002
 -0.132592397881843      -0.297722421017724     
 -3.488642626687325E-002  0.167889683208018     
 -0.258968688913840      -0.431462017759965     
 -0.182676343215845      -0.243568625468932     
 -6.742406119393836E-002  0.178545599914228     
  0.134761698270804       2.889842360862837E-002
 -0.115591483026468      -0.149156975564156     
 -0.296816527170091      -0.142676891107366     
  2.220378048888471E-002  0.237433265606390     
  0.298048949577266       9.067703638067076E-002
  3.570593099344033E-003  5.514814097988264E-002
 -4.676259879057003E-002 -0.111090088606931     
  0.200781032802912       0.193380323772542     
   1.37415806398118        1.37346520633911     
 -2.634449212341869E-002  3.622581773765212E-002
  1.245552284105448E-002 -9.487210646298471E-003
 -0.291319390959900      -0.289198767300147     
 -0.842846259491928      -0.850745039250252     
   2.20864603868666        2.20512207037236     
  0.668291085004545       0.684429935620310     
  0.239858149515287       0.229724534724540     
 -0.319132764194110      -0.396226826886211     
  0.217707523480212       0.167971062555871     
 -0.812866261909044      -0.800568330169751     
 -0.344624138265509      -0.335823602443198     
  0.240689422912919       6.364959201385613E-002
  -1.33665047834312       -1.31321830177471     
  7.327571342976928E-002  8.301183842540842E-002
 -0.372271814235732      -0.328122946457789     
  6.410493871005427E-002 -0.187192478455408     
 -0.114750196776972       0.228235350190720     
  4.358813231113334E-002  0.227240288676681     
 -0.386648188468091      -0.154182439806783     
 -0.492555266275471      -0.476811582017285     
  0.266043982160994       0.472675473338864     
 -0.530774919306392      -0.172435936292981     
  0.349290022803433       0.149983122611736     
 -7.900319688049379E-003 -0.296007661435710     
  0.185001621381203      -1.431240488406388E-002
 -0.120682127530619      -4.054997695222700E-002
 -4.528642972247501E-002 -6.148502159714539E-003
  0.222408401246175       0.111344641028346     
  0.348386624373151       8.742100197172789E-002
  0.386367620002106       0.145190483895878     
 -7.020184853497594E-002  0.112603320000362     
 -0.458756880502513      -0.380068752279612     
  0.485988975621931       0.200873339012861     
  0.181034685799995       0.169109658501023     
  0.102442316670800      -0.277810827334965     
  5.480336374210017E-002 -0.220264122189566     
 -3.322095084153964E-002 -0.212955735153912     
  0.303289767779889       0.182297028134544     
 -4.945697742624577E-002  0.170415047133370     
  1.038469078563239E-002  3.124374478259757E-002
 -0.396404295107694      -0.171937075642979     
 -0.278694697870891       0.113722055284779     
  0.245575900459472       0.224666557366778     
  0.196469033488638      -0.270304614723286     
  0.158219818306194      -9.334777922374857E-002
 -7.587972398395341E-002  0.172332906587287     
 -0.170535951313783      -0.472505327302702     
 -0.416764072525641      -0.348581986542802     
 -0.245896997538120      -0.245695993236513     
 -0.350602925211748      -7.248677532696703E-002
  0.176925247083806       0.473133596716244     
  0.146539708080413      -0.366271388744771     
 -0.397251019171378      -0.450010149240173     
  0.656171690782089       0.634136287116631     
