  0.490834198587773       0.160387208186467     
  0.159900253957263       0.278451240121010     
  0.406588959166167      -3.221531913871150E-002
  3.033513541725252E-003  0.353323630145134     
 -6.393905802319182E-002 -0.139668150105299     
  0.438201357734676       0.381606940480668     
 -0.437473780074361       0.398107269402182     
 -0.255569483406406      -0.406214820048839     
  0.269028655328445      -0.314627411948835     
  7.761663003525193E-003 -0.270412432722321     
 -7.021573685475460E-002  1.595329818360576E-002
  7.822993564269220E-003  0.286938520482482     
  3.803578932137228E-002 -0.130892496773704     
  0.199176884446006       0.332822859513674     
  2.180205669871586E-002 -0.100416096445836     
  3.344456802957824E-002 -0.177563211237967     
 -0.422793868723219      -3.263888836335024E-002
 -0.175759545708335      -0.355204471516310     
 -0.242585173971201      -0.276704031752675     
  0.247243479419009      -9.557401030856233E-002
 -0.188717291098540       0.308262090366443     
 -0.277524299219110      -0.412694396356197     
 -0.358801426807582       0.493086278795932     
  0.217196687272379       0.163127086677239     
  0.407550210298612      -0.414323606264192     
  0.219411077878445      -0.226107438544627     
  7.778936737728566E-002  0.291708252221948     
 -0.452557690257687       0.394333666143212     
 -0.230709387747189       0.172276372384257     
 -0.354534428736534      -0.372746493836674     
  0.301953401033463       0.446589388445876     
 -4.576339400684881E-002 -0.190542011382761     
 -0.509540626335522       7.569214872303887E-002
 -0.369164066325408       2.959084238426189E-002
  0.180501892907579      -0.280724736438488     
  0.213020376081082       4.005018622842273E-002
 -4.412824006330300E-002 -7.317459631148877E-002
 -0.350580188039826       0.510175065387084     
  0.453852543777676      -0.475487569327774     
 -0.546854178552578       0.478248813298563     
 -0.287557101107748      -0.113326571156743     
  -1.24588515970761        1.14213256230662     
 -0.486704975000860       0.554794564769637     
 -0.521647816729916       0.470406921572884     
 -0.571979364709214       0.128736881678036     
  0.295741926491749      -0.485825552989632     
 -0.510088967793860       0.770476905633260     
  -1.35167741966636        1.28853784201927     
   1.42116372494061       -1.52210440242080     
   1.20827140922361       -1.17982241811387     
 -0.345505006445650       0.190174993011410     
  -2.25195239712635        2.40543187756623     
  -1.42517513750778        1.41923092462727     
   2.06519959976447       -2.08859980398694     
  -1.09944811462079       0.970204357571037     
  0.569120061251103      -0.342395379142416     
   1.15209330947447       -1.08812226694440     
   1.30025313969398       -1.18335778202169     
 -0.747729767587270       0.660567035305001     
 -0.481126894981359       0.707473949084205     
 -0.297101172913305       0.289157012968480     
  0.689140319677232      -0.675584326367416     
  0.518506434180875      -0.499596783691717     
 -0.181313745997294      -0.314534602577875     
 -0.693485662609839       0.502506639385270     
 -0.580277680248433       0.745076945008213     
 -0.402175234804914      -0.302468096200488     
  0.298506069364377      -0.425112220832220     
 -0.249152478608839       0.448914627432573     
  0.325831500616545      -0.419058306711890     
  0.169801528978960      -0.284885551264674     
 -0.444108018935938       0.203653353334581     
  0.239232790298242      -2.400743581084241E-002
  0.398515012102384      -0.606426643276121     
 -0.460824269095475       0.323352622857235     
 -0.249403422830611       0.653793641377724     
 -0.486875182084831       9.284850921588424E-002
  0.325650128850864       0.338239176693633     
  0.301106209942431       0.145491344343000     
 -1.288695307258451E-002  0.466573114438346     
 -0.337563394070638       0.294304639810210     
  0.106633960787973       0.179397203215380     
 -0.499588469571827      -0.369271168756020     
  0.446939093171844       0.401983391680128     
  6.511090713312769E-002  0.400975894537861     
  3.676175041126688E-002 -5.974557003875450E-002
  0.101703533536735      -0.115221662201291     
  0.373762976315915      -0.280397999643900     
 -0.407467780401936      -0.238252335628448     
 -0.443159706242686       0.382106629335425     
 -0.146391503916348      -5.494322754462684E-002
 -0.312766426921337      -0.245339529308511     
  0.349162135177374       0.288674747135437     
  0.302580520029573      -0.196398993769079     
 -9.230874157112934E-003  0.200907404352524     
 -0.112025391245831      -0.236294590410798     
 -0.341602836876157       0.576138533625288     
 -0.471610758380179      -5.513379349507745E-004
  0.293640877564722      -0.254423075706207     
 -0.262803592140606       0.115414746501659     
  7.868337450659503E-002  0.118460104915390     
 -0.314325010723090       0.323846383503885     
