 -0.252131887954696       0.434482912741814     
 -0.279239922782355       0.132936475366921     
 -0.264750456970058      -0.138389856726346     
 -0.547692706615685      -0.124735539385119     
  0.219192738858160      -8.510313053756519E-002
  0.226471156209339       0.144675133247845     
 -0.140556554702649       4.984261338195616E-002
 -9.542493702429650E-002  0.382538237001691     
 -1.871447378054391E-002 -6.816342861813972E-002
  0.471319060839517       0.408417722149094     
  0.111514889906354      -0.220477940141012     
 -1.899217550802883E-002 -0.417933804833979     
 -0.275132200282726      -0.411536967347294     
  0.407680040596089       0.173206536616045     
 -0.525977413532075      -0.215560043772170     
 -0.185897980335096      -2.685578003265199E-002
  0.342297459953956       0.172002009964603     
  0.414397906144280      -0.174089849626097     
 -0.144741558919016      -0.317554358553995     
 -0.391970023066308      -7.060395878621310E-002
  0.134013922038844       0.263417010810515     
  0.209310767033420       0.148505014456599     
 -0.258871370472146      -0.634983641847141     
  7.256172663835925E-002 -0.106915684319711     
  6.995427369323506E-002  0.105190529866351     
 -0.338252701479228      -0.199522336671434     
  0.318455564909913       0.613926172482436     
 -0.292423020508502       0.161020015124764     
  0.174111312734739      -7.915084665933338E-002
 -0.260182562926775       0.236373944828932     
 -0.531287429851252      -0.126895345758669     
  0.145187611117756       0.248645719089483     
 -7.373791798064500E-003 -0.263102928422430     
  0.139825321021154       0.258160838269898     
  5.389036547172461E-002  0.144574477985300     
  0.102877538752989       0.296892979612605     
 -7.697635595900348E-002  6.387558553416550E-002
  0.188651538069709       0.429005006128651     
 -8.323315935750032E-002 -9.196442201288982E-002
  0.309830071739112       2.364186015301994E-002
  1.978824217599164E-002  9.561705062815548E-002
  0.241479519515883       0.387475551860792     
  4.264283954175869E-002  8.287122317665742E-002
  0.318543376253732       0.392124745916928     
  0.255542416437838       5.185417520362483E-003
  0.319548800855400       0.153888793822423     
   1.00429889962700        1.02179241104017     
  7.645727764689471E-002  7.915305768529558E-002
 -0.230381782873524      -0.301904829297257     
  0.555308787947310       0.550955986569591     
 -9.504292421599103E-002 -0.195795328185000     
 -0.227730689126897      -0.124818546223415     
  0.252382572696822       0.204690007399730     
 -0.340188909422477      -0.349711898789746     
   1.26129490054300        1.25238957984774     
 -0.143226912534241      -0.209698730169607     
 -0.595754513314876      -0.572366212492417     
 -0.342943135433889      -0.134126418516744     
  0.319208518710681       0.308572095049500     
 -0.223278375230035      -0.147876417318616     
  9.936490885714851E-002  5.501255986647943E-002
  0.352544252330321       0.633685342928242     
 -0.396770900360747      -0.459665677396132     
 -2.996266232956075E-002 -3.555971912653736E-002
  0.273075468704903       0.118007686580628     
  0.177720323091006       6.558409258131494E-002
 -0.439984287481976      -0.205190745042877     
 -0.216221376782283      -0.297559850709627     
 -0.303335307391959      -0.167126891846429     
 -7.213446062953510E-002 -0.105759872737485     
 -0.324266167634742      -0.352759887221973     
  0.580474611844817       0.376196035736381     
  0.341855012292217       0.227038641065346     
 -3.245651154627500E-003 -0.268620806926875     
 -1.599423879196646E-002 -0.378541042994556     
  0.173154074744154       0.226691480301588     
  0.277069273648249       0.373663224358747     
  0.110141715533028      -0.344033581386186     
 -0.160965015498071      -9.535277553353099E-003
  0.217483351645695      -7.962396507994965E-002
 -0.204622565315021       0.248078270953236     
  1.156446899826747E-002 -0.230083338351303     
 -8.670320061735956E-002 -0.374254937383560     
 -0.259681713365646       0.340914328270952     
  0.261371332036280       0.127682267044771     
 -0.145097723340358      -0.100926667855568     
 -0.197625757109494      -0.286860324243466     
  0.126967879835056      -9.442983459687704E-002
  0.407896110659272      -0.309008305243308     
 -0.343949855087346      -0.200899955000532     
 -0.471854193287376      -0.340805857209797     
  0.154935333051483      -0.343782231703515     
  0.336079177043047       0.513636121043306     
 -0.322589960651903       0.156056469014736     
 -0.305378933284103       4.763223394679957E-002
  0.162069570750521       0.518733670547306     
  0.301195899397789       2.343694184355981E-002
  7.275598594459372E-003 -0.425705324139685     
  9.503463176536676E-002  8.411145961039294E-002
  0.318691220310835       7.075326999693687E-003
 -0.163656681008280       1.857406309865811E-002
  0.123036247262391       9.212871575589467E-002
