 -0.525357850968927     
 -0.620347726109674     
 -0.168145633680519     
  0.509807766099405     
  0.518947511338456     
  0.885568709790833     
 -0.526971978225099     
  -1.40412298598112     
  0.140489040021305     
   1.03709672135517     
   1.10832549725090     
 -0.316723943032202     
  0.603180223801798     
  0.920567580290813     
  0.843641754355295     
  0.956355082538065     
   2.72127203179093     
  6.984377992186740E-002
   2.19229405453455     
   1.24772792421094     
   3.72546429649877     
  -4.37303011661604     
 -0.426251079331086     
  -1.46496559027279     
  -3.10101112955343     
  -5.49336478938110     
 -0.625364778170104     
   1.75944157746251     
  -6.05755246647289     
   6.11831703512949     
  -3.64981796194456     
   1.22826560909284     
   5.28505868567591     
   3.75372333050079     
  -3.81458672963419     
   5.37424982398294     
   4.86706457806632     
  -2.56089488376709     
  -1.24990989481406     
  -5.15300507560917     
  -3.28821808566794     
  -4.12802875701431     
  5.211438767463853E-002
   2.30469136342653     
 -0.465699297703697     
   1.51753372693220     
  -1.04896466271414     
  0.583191264634556     
 -0.397959549812215     
 -0.393883275647071     
  0.217184927550888     
 -1.576905306469250E-002
 -0.371894185444914     
  0.969707942058856     
  -1.05357649231515     
 -0.340261040627057     
 -0.606489069257165     
 -0.318621289273888     
 -3.534186765560206E-002
  0.712611870029050     
  0.246951943589963     
 -4.802004881957492E-002
 -0.405592591245874     
  0.490932844379559     
  0.108811815103914     
 -0.199518611156534     
