  0.115104542382872       0.286760717452335      -8.268512867795418E-002
  0.503096839816840       0.263441755130093       0.592520819328050     
 -0.339324584703260      -0.234404152918232       0.465799068204877     
  5.695956056267940E-002  0.441056599081448       6.434741962797542E-002
 -2.314064732193315E-002 -5.440716376281526E-002  0.227038747436570     
 -5.826461978917204E-003  0.164361553446445       0.111459072079504     
  0.412332814559039       0.465239715147927       0.221970416526474     
 -0.101163618403069       0.491114120119988      -0.500738676899369     
  0.486510092549899       0.366093803491915      -3.237864892957172E-002
 -0.560420615759940      -0.312627080891186       0.229105489614543     
 -0.215559989261842       0.164312468240465       0.406744300784556     
  0.483557462979386       0.623024021184358       0.364650126973857     
  0.487960857849887       0.123791900312971       0.571123772033571     
 -0.139092333705530      -0.690561732788170       3.622482229021534E-002
 -0.326108298031592       0.154974263921674      -0.202825077153121     
 -0.310869558638218      -0.125542875021889      -0.247913626494191     
 -0.619572944306551       0.496002773800687       2.479772499093462E-002
  0.620461893871147      -2.705844577487208E-002  0.179311266747071     
  0.133991314650097       0.566283197423694      -0.676508649773791     
 -4.513013232182501E-002 -0.398262655558591       0.117174953663862     
  0.253298708595559       0.323598371794491       0.118724421800868     
  0.346547560764312      -0.577129461185561       0.376126909790904     
 -0.850986898242380       0.517729553803794       0.226818322518269     
 -4.814352654714080E-002 -0.285926672678240       0.366959928652195     
 -0.157400912278259      -0.177966190995596      -0.643163666821280     
 -5.389500093867013E-002 -9.910234127902257E-002 -0.462841045419381     
 -0.542853101797251       0.410095271221702      -0.659652170224859     
 -0.372941399749672       0.450068847657480      -0.182602726386886     
 -0.291303367732432      -0.554251904916712      -0.436727580905681     
 -0.470208150183872       0.249076031066787      -0.556970871086212     
 -0.380622082178924       0.344364418550579      -9.592878624479356E-002
 -0.481364727573365       0.303554221143935       0.530721628372701     
 -0.512386766815958      -0.459306084201073      -0.535306449564165     
 -0.447750444770603       0.607037765482564      -0.607220210489385     
 -0.453916009336205      -0.225708681295508      -1.075327665617465E-002
  0.802631286458480      -0.870785483699543      -0.111182544131694     
 -0.216243461930369      -0.225064346347298       0.612335052400378     
  0.617794369201638      -0.414614587752751       0.102438747752882     
 -0.108468039764048       0.261673728425936      -0.375779118032490     
  -2.01862472923131        1.06024385505978       9.067536071432378E-002
   1.54675676084392      -0.776555678528796       2.376251350025489E-002
 -0.900324678242207      -0.781929882709739       0.448612687608041     
 -4.514262249314640E-002 -0.675801554976326      -0.130896509755077     
  -1.07586594462797        1.73946200964461       -2.15469822185667     
  0.328030072756247       -1.02862299256937      -0.334628874511725     
  0.722761072383499       0.834173773583305       -1.66311814230626     
 -0.905388646182835        1.51530993391193       -1.95284275374330     
  -3.02086975653807        3.46012442052879        3.62884574095568     
   1.24756834154664       -1.15477865968976        1.37049728748205     
  -1.49668425362560        3.35365478034763       -3.37733056464135     
  -1.45255671129488       0.524163184321464       0.224328977489947     
   1.67093163909706        1.61251187583893      -0.735892153887815     
   2.26326452849575        2.22888338309009       -1.83380349154635     
  0.828927123445267       -2.66482934756879        3.68615014744417     
  0.477281970101629       0.820823888476518      -0.840071477854980     
  -1.48700520662921        1.50292956192980       -2.13807321788913     
 -0.653811343567788        1.38246429107108      -0.917092899638280     
  0.632557180737347       0.176136669142469       0.766643569841248     
  0.673966705275407        2.32120136750106       0.845685621288327     
  0.422100702280582      -0.908802460358691      -0.388683819725011     
   1.33294654878185       0.553104767613611       0.370912618114522     
  -1.11139361435510       0.893932050022636       -1.04465880940107     
  0.145056768948669      -0.172148487705358       0.618075315911237     
  0.425449546116519      -0.134219688828442       0.648386187377834     
  0.353008558899227      -3.121632003529868E-002 -0.208622001104673     
  0.619311370490706       -1.38108198622153       0.770008241562886     
  0.505024425172323       -1.02473604378618      -0.742793440436269     
 -0.585297256689204      -0.253635396194855       6.946232467402069E-002
  -1.09092592898357        1.15094524417356      -0.452363895198261     
 -0.229873872506588       0.593773490842007      -0.544296853486766     
  0.625596279064070      -0.739837182271312      -0.418039144329777     
 -6.356449005182897E-002 -0.101255821065989      -0.604515282272533     
 -0.803198183441561       4.214335824461499E-002 -0.965193268720196     
 -0.344226742690632       0.552781370186408       0.220545743882984     
 -0.772310530694742      -0.596221334213203       0.624597151006484     
 -0.134756375311398       0.206650210175219      -0.981814636050850     
  0.340227393882398      -0.380023510268229      -0.460151915666355     
 -0.525766417622865       0.281215880589573      -8.984750107279652E-002
 -0.138727358907222      -0.267077669779833       0.433113243731014     
 -0.404767007454074      -0.162686921006734       0.210119135233635     
  0.429017337410960       0.646986337171265      -2.304737244155000E-002
 -4.567675375240797E-002  0.131073536796269      -0.883239413899696     
 -0.651563276001082       0.585008838428881      -1.111915352323079E-002
 -0.380626890636999       0.584542625554337      -0.339386528271322     
 -3.497446730991615E-002  9.018572566459877E-002  0.389205245685120     
 -4.516777467253452E-002  0.646079049078122       0.416032844377986     
  0.289627791683635      -0.738596908357921      -0.338940004568097     
  0.433942568667808      -0.184094107009392      -1.929973400017085E-002
  0.274763673267636       0.179651183893387       0.116811545229542     
 -0.353761856215580       0.462465567277824      -0.181988622775264     
 -0.423117222294959       0.338778616636109      -0.196695219192424     
  0.579227579818198      -0.409979652047122      -0.393205778352880     
  0.231373756462835       0.366693422696848      -0.379201655806894     
  0.131126905224311      -0.223571132398778       0.396519613438699     
 -0.317089187973273      -0.436915685094614      -0.336187025959163     
  0.192476589108598       0.180169870224597      -0.146835213055296     
 -0.642379892989796      -6.502802639627603E-002  0.315436350693591     
  0.200593954015696       0.379657346101907      -8.726763075061485E-002
  0.271844145973222       1.455542980498850E-003 -0.240076671805369     
  2.040106260690302E-002 -0.473240235871301      -0.261068753448818     
  0.308481353928572      -0.489508359787018       0.270624268726507     
  -5.19603335034234       -4.55321710957462       -3.69566658902177     
